1;10;6667,32;6667,32;6667,32;6667,32;6667,32;6667,32;6667,32;6667,32;6667,32;6667,32;6667,32;6670,52;80011
1;20;6941,21;6941,21;6941,21;6941,21;6941,21;6941,21;6941,21;6941,21;6941,21;6941,21;6941,21;6944,54;83297,82
1;30;739,55;739,55;739,55;739,55;739,55;739,55;739,55;739,55;739,55;739,55;739,55;739,91;8875
1;40;1405,98;1405,98;1405,98;1405,98;1405,98;1405,98;1405,98;1405,98;1405,98;1405,98;1405,98;1406,66;16872,45
1;50;1738,02;1738,02;1738,02;1738,02;1738,02;1738,02;1738,02;1738,02;1738,02;1738,02;1738,02;1738,85;20857,08
1;60;7179,71;7179,71;7179,71;7179,71;7179,71;7179,71;7179,71;7179,71;7179,71;7179,71;7179,71;7183,15;86159,92
1;70;166,66;166,66;166,66;166,66;166,66;166,66;166,66;166,66;166,66;166,66;166,66;166,74;2000
1;80;166,66;166,66;166,66;166,66;166,66;166,66;166,66;166,66;166,66;166,66;166,66;166,74;2000
1;90;82,89;82,89;82,89;82,89;82,89;82,89;82,89;82,89;82,89;82,89;82,89;82,93;994,76
1;100;458,32;458,32;458,32;458,32;458,32;458,32;458,32;458,32;458,32;458,32;458,32;458,54;5500
1;110;8,33;8,33;8,33;8,33;8,33;8,33;8,33;8,33;8,33;8,33;8,33;8,34;100
1;120;202,99;202,99;202,99;202,99;202,99;202,99;202,99;202,99;202,99;202,99;202,99;203,09;2436
1;130;195,83;195,83;195,83;195,83;195,83;195,83;195,83;195,83;195,83;195,83;195,83;195,92;2350
1;140;461,12;461,12;461,12;461,12;461,12;461,12;461,12;461,12;461,12;461,12;461,12;461,35;5533,72
1;150;0;0;0;0;0;0;0;0;0;0;0;0;0
1;160;26414,59;26414,59;26414,59;26414,59;26414,59;26414,59;26414,59;26414,59;26414,59;26414,59;26414,59;26427,28;316987,75
1;180;0;0;0;0;0;0;0;0;0;0;0;0;0
1;200;0;0;0;0;0;0;0;0;0;0;0;0;0
1;220;-822045,95;-822045,95;-822045,95;-822045,95;-822045,95;-822045,95;-822045,95;-822045,95;-822045,95;-822045,95;-822045,95;-822440,53;-9864945,88
1;240;18795,33;18795,33;18795,33;18795,33;18795,33;18795,33;18795,33;18795,33;18795,33;18795,33;18795,33;18804,34;225552,19
1;260;30,45;30,45;30,45;30,45;30,45;30,45;30,45;30,45;30,45;30,45;30,45;30,45;30,45
1;280;316960,45;316960,45;316960,45;316960,45;316960,45;316960,45;316960,45;316960,45;316960,45;316960,45;316960,45;316960,45;316960,45
1;300;46869,44;46869,44;46869,44;46869,44;46869,44;46869,44;46869,44;46869,44;46869,44;46869,44;46869,44;46891,95;562455,82
1;320;0;0;0;0;0;0;0;0;0;0;0;0;0
2;10;0;0;0;0;0;0;0;0;0;0;0;0;0
2;20;3321,73;3321,73;3321,73;3321,73;3321,73;3321,73;3321,73;3321,73;3321,73;3321,73;3321,73;3323,33;39862,4
2;30;863,85;863,85;863,85;863,85;863,85;863,85;863,85;863,85;863,85;863,85;863,85;864,26;10366,6
2;40;3347,61;3347,61;3347,61;3347,61;3347,61;3347,61;3347,61;3347,61;3347,61;3347,61;3347,61;3349,22;40172,96
2;50;2236,2;2236,2;2236,2;2236,2;2236,2;2236,2;2236,2;2236,2;2236,2;2236,2;2236,2;2237,27;26835,48
2;60;0;0;0;0;0;0;0;0;0;0;0;0;0
2;70;0;0;0;0;0;0;0;0;0;0;0;0;0
2;80;2393,74;2393,74;2393,74;2393,74;2393,74;2393,74;2393,74;2393,74;2393,74;2393,74;2393,74;2394,89;28726,07
2;90;62;62;62;62;62;62;62;62;62;62;62;62,03;744
2;100;8229,72;8229,72;8229,72;8229,72;8229,72;8229,72;8229,72;8229,72;8229,72;8229,72;8229,72;8233,67;98760,56
2;110;20454,85;20454,85;20454,85;20454,85;20454,85;20454,85;20454,85;20454,85;20454,85;20454,85;20454,85;20464,67;245468,07
3;10;-192903,35;-192903,35;-192903,35;-192903,35;-192903,35;-192903,35;-192903,35;-192903,35;-192903,35;-192903,35;-192903,35;-192995,94;-2314932,75
3;20;-14519,61;-14519,61;-14519,61;-14519,61;-14519,61;-14519,61;-14519,61;-14519,61;-14519,61;-14519,61;-14519,61;-14526,58;-174242,25
3;30;-24926,17;-24926,17;-24926,17;-24926,17;-24926,17;-24926,17;-24926,17;-24926,17;-24926,17;-24926,17;-24926,17;-24938,13;-299126
3;40;-232349,13;-232349,13;-232349,13;-232349,13;-232349,13;-232349,13;-232349,13;-232349,13;-232349,13;-232349,13;-232349,13;-232460,65;-2788301
3;50;188754,89;188754,89;188754,89;188754,89;188754,89;188754,89;188754,89;188754,89;188754,89;188754,89;188754,89;188845,49;2265149,25
3;60;829,69;829,69;829,69;829,69;829,69;829,69;829,69;829,69;829,69;829,69;829,69;830,09;9956,7
3;70;1037,12;1037,12;1037,12;1037,12;1037,12;1037,12;1037,12;1037,12;1037,12;1037,12;1037,12;1037,61;12445,88
3;80;622,27;622,27;622,27;622,27;622,27;622,27;622,27;622,27;622,27;622,27;622,27;622,57;7467,53
3;100;1849,93;1849,93;1849,93;1849,93;1849,93;1849,93;1849,93;1849,93;1849,93;1849,93;1849,93;1850,81;22200
3;110;36334,43;36334,43;36334,43;36334,43;36334,43;36334,43;36334,43;36334,43;36334,43;36334,43;36334,43;36351,87;436030,63
3;120;229428,33;229428,33;229428,33;229428,33;229428,33;229428,33;229428,33;229428,33;229428,33;229428,33;229428,33;229538,44;2753249,99
3;130;-2920,8;-2920,8;-2920,8;-2920,8;-2920,8;-2920,8;-2920,8;-2920,8;-2920,8;-2920,8;-2920,8;-2922,21;-35051,01
3;140;4380,07;4380,07;4380,07;4380,07;4380,07;4380,07;4380,07;4380,07;4380,07;4380,07;4380,07;4382,18;52563
3;150;1849,93;1849,93;1849,93;1849,93;1849,93;1849,93;1849,93;1849,93;1849,93;1849,93;1849,93;1850,81;22200
3;160;416,65;416,65;416,65;416,65;416,65;416,65;416,65;416,65;416,65;416,65;416,65;416,85;5000
3;170;33,33;33,33;33,33;33,33;33,33;33,33;33,33;33,33;33,33;33,33;33,33;33,35;400
3;180;2592,79;2592,79;2592,79;2592,79;2592,79;2592,79;2592,79;2592,79;2592,79;2592,79;2592,79;2594,03;31114,69
3;190;9272,77;9272,77;9272,77;9272,77;9272,77;9272,77;9272,77;9272,77;9272,77;9272,77;9272,77;9277,22;111277,69
3;200;6268,42;6268,42;6268,42;6268,42;6268,42;6268,42;6268,42;6268,42;6268,42;6268,42;6268,42;6271,42;75224
3;210;3407,95;3407,95;3407,95;3407,95;3407,95;3407,95;3407,95;3407,95;3407,95;3407,95;3407,95;3409,58;40897
3;220;100;100;100;100;100;100;100;100;100;100;100;100,04;1200
3;230;341,65;341,65;341,65;341,65;341,65;341,65;341,65;341,65;341,65;341,65;341,65;341,82;4100
3;240;10118,02;10118,02;10118,02;10118,02;10118,02;10118,02;10118,02;10118,02;10118,02;10118,02;10118,02;10122,86;121421
3;250;16469,99;16469,99;16469,99;16469,99;16469,99;16469,99;16469,99;16469,99;16469,99;16469,99;16469,99;16477,87;197647,68
3;260;0;0;0;0;0;0;0;0;0;0;0;0;0
3;270;-2074,23;-2074,23;-2074,23;-2074,23;-2074,23;-2074,23;-2074,23;-2074,23;-2074,23;-2074,23;-2074,23;-2075,23;-24891,75
3;280;-3396,49;-3396,49;-3396,49;-3396,49;-3396,49;-3396,49;-3396,49;-3396,49;-3396,49;-3396,49;-3396,49;-3398,12;-40759,5
3;290;-374,15;-374,15;-374,15;-374,15;-374,15;-374,15;-374,15;-374,15;-374,15;-374,15;-374,15;-374,33;-4489,94
3;300;-443,17;-443,17;-443,17;-443,17;-443,17;-443,17;-443,17;-443,17;-443,17;-443,17;-443,17;-443,38;-5318,26
3;310;-6148,53;-6148,53;-6148,53;-6148,53;-6148,53;-6148,53;-6148,53;-6148,53;-6148,53;-6148,53;-6148,53;-6151,48;-73785,31
3;320;0;0;0;0;0;0;0;0;0;0;0;0;0
3;330;-318,23;-318,23;-318,23;-318,23;-318,23;-318,23;-318,23;-318,23;-318,23;-318,23;-318,23;-318,39;-3818,97
3;340;0;0;0;0;0;0;0;0;0;0;0;0;0
3;350;0;0;0;0;0;0;0;0;0;0;0;0;0
3;360;0;0;0;0;0;0;0;0;0;0;0;0;0
3;370;0;0;0;0;0;0;0;0;0;0;0;0;0
3;374;0;0;0;0;0;0;0;0;0;0;0;0;0
3;376;0;0;0;0;0;0;0;0;0;0;0;0;0
3;380;-12754,8;-12754,8;-12754,8;-12754,8;-12754,8;-12754,8;-12754,8;-12754,8;-12754,8;-12754,8;-12754,8;-12760,93;-153063,73
3;390;3715,19;3715,19;3715,19;3715,19;3715,19;3715,19;3715,19;3715,19;3715,19;3715,19;3715,19;3716,94;44583,95
3;400;4090,97;4090,97;4090,97;4090,97;4090,97;4090,97;4090,97;4090,97;4090,97;4090,97;4090,97;4092,93;49093,61
3;410;5282,92;5282,92;5282,92;5282,92;5282,92;5282,92;5282,92;5282,92;5282,92;5282,92;5282,92;5285,46;63397,55
3;420;13089,08;13089,08;13089,08;13089,08;13089,08;13089,08;13089,08;13089,08;13089,08;13089,08;13089,08;13095,33;157075,11
3;430;33;33;33;33;33;33;33;33;33;33;33;33;33
3;440;429144,98;429144,98;429144,98;429144,98;429144,98;429144,98;429144,98;429144,98;429144,98;429144,98;429144,98;429144,98;429144,98
3;450;16,33;16,33;16,33;16,33;16,33;16,33;16,33;16,33;16,33;16,33;16,33;16,34;196
3;455;0;0;0;0;0;0;0;0;0;0;0;0;0
3;460;3,33;3,33;3,33;3,33;3,33;3,33;3,33;3,33;3,33;3,33;3,33;3,33;40
3;470;0;0;0;0;0;0;0;0;0;0;0;0;0
3;480;0;0;0;0;0;0;0;0;0;0;0;0;0
3;490;9,83;9,83;9,83;9,83;9,83;9,83;9,83;9,83;9,83;9,83;9,83;9,84;118
3;500;6,17;6,17;6,17;6,17;6,17;6,17;6,17;6,17;6,17;6,17;6,17;6,17;74
3;510;79402,03;79402,03;79402,03;79402,03;79402,03;79402,03;79402,03;79402,03;79402,03;79402,03;79402,03;79440,15;952862,52
3;520;1,25;1,25;1,25;1,25;1,25;1,25;1,25;1,25;1,25;1,25;1,25;1,25;15
3;530;2,08;2,08;2,08;2,08;2,08;2,08;2,08;2,08;2,08;2,08;2,08;2,08;25
3;540;0;0;0;0;0;0;0;0;0;0;0;0;0
3;550;-207422,96;-207422,96;-207422,96;-207422,96;-207422,96;-207422,96;-207422,96;-207422,96;-207422,96;-207422,96;-207422,96;-207522,52;-2489175
3;560;0;0;0;0;0;0;0;0;0;0;0;0;0
4;10;-61160,05;-61160,05;-61160,05;-61160,05;-61160,05;-61160,05;-61160,05;-61160,05;-61160,05;-61160,05;-61160,05;-61189,41;-733950
4;20;0;0;0;0;0;0;0;0;0;0;0;0;0
4;30;0;0;0;0;0;0;0;0;0;0;0;0;0
4;40;-5633,54;-5633,54;-5633,54;-5633,54;-5633,54;-5633,54;-5633,54;-5633,54;-5633,54;-5633,54;-5633,54;-5636,25;-67605,2
4;50;-66793,59;-66793,59;-66793,59;-66793,59;-66793,59;-66793,59;-66793,59;-66793,59;-66793,59;-66793,59;-66793,59;-66825,66;-801555,2
4;60;53515,05;53515,05;53515,05;53515,05;53515,05;53515,05;53515,05;53515,05;53515,05;53515,05;53515,05;53540,74;642206,25
4;70;0;0;0;0;0;0;0;0;0;0;0;0;0
4;80;83,33;83,33;83,33;83,33;83,33;83,33;83,33;83,33;83,33;83,33;83,33;83,37;1000
4;90;291,66;291,66;291,66;291,66;291,66;291,66;291,66;291,66;291,66;291,66;291,66;291,8;3500
4;100;746,64;746,64;746,64;746,64;746,64;746,64;746,64;746,64;746,64;746,64;746,64;747;8960
4;120;724,97;724,97;724,97;724,97;724,97;724,97;724,97;724,97;724,97;724,97;724,97;725,32;8700
4;130;9479,81;9479,81;9479,81;9479,81;9479,81;9479,81;9479,81;9479,81;9479,81;9479,81;9479,81;9484,36;113762,25
4;140;64841,46;64841,46;64841,46;64841,46;64841,46;64841,46;64841,46;64841,46;64841,46;64841,46;64841,46;64872,59;778128,5
4;150;-1952,13;-1952,13;-1952,13;-1952,13;-1952,13;-1952,13;-1952,13;-1952,13;-1952,13;-1952,13;-1952,13;-1953,07;-23426,7
4;160;299,99;299,99;299,99;299,99;299,99;299,99;299,99;299,99;299,99;299,99;299,99;300,13;3600
4;170;33,33;33,33;33,33;33,33;33,33;33,33;33,33;33,33;33,33;33,33;33,33;33,35;400
4;180;83,33;83,33;83,33;83,33;83,33;83,33;83,33;83,33;83,33;83,33;83,33;83,37;1000
4;190;0;0;0;0;0;0;0;0;0;0;0;0;0
4;200;249,99;249,99;249,99;249,99;249,99;249,99;249,99;249,99;249,99;249,99;249,99;250,11;3000
4;210;666,64;666,64;666,64;666,64;666,64;666,64;666,64;666,64;666,64;666,64;666,64;666,96;8000
4;220;0;0;0;0;0;0;0;0;0;0;0;0;0
4;230;0;0;0;0;0;0;0;0;0;0;0;0;0
4;240;0;0;0;0;0;0;0;0;0;0;0;0;0
4;250;0;0;0;0;0;0;0;0;0;0;0;0;0
4;260;25;25;25;25;25;25;25;25;25;25;25;25,01;300
4;270;25;25;25;25;25;25;25;25;25;25;25;25,01;300
4;280;-1260,49;-1260,49;-1260,49;-1260,49;-1260,49;-1260,49;-1260,49;-1260,49;-1260,49;-1260,49;-1260,49;-1261,1;-15126,7
4;290;0;0;0;0;0;0;0;0;0;0;0;0;0
4;300;0;0;0;0;0;0;0;0;0;0;0;0;0
4;310;-611,6;-611,6;-611,6;-611,6;-611,6;-611,6;-611,6;-611,6;-611,6;-611,6;-611,6;-611,89;-7339,5
4;320;-917,4;-917,4;-917,4;-917,4;-917,4;-917,4;-917,4;-917,4;-917,4;-917,4;-917,4;-917,84;-11009,25
4;330;-150,23;-150,23;-150,23;-150,23;-150,23;-150,23;-150,23;-150,23;-150,23;-150,23;-150,23;-150,3;-1802,8
4;340;-1656,88;-1656,88;-1656,88;-1656,88;-1656,88;-1656,88;-1656,88;-1656,88;-1656,88;-1656,88;-1656,88;-1657,67;-19883,31
4;350;0;0;0;0;0;0;0;0;0;0;0;0;0
4;360;0;0;0;0;0;0;0;0;0;0;0;0;0
4;370;0;0;0;0;0;0;0;0;0;0;0;0;0
4;380;0;0;0;0;0;0;0;0;0;0;0;0;0
4;390;0;0;0;0;0;0;0;0;0;0;0;0;0
4;400;0;0;0;0;0;0;0;0;0;0;0;0;0
4;404;0;0;0;0;0;0;0;0;0;0;0;0;0
4;406;0;0;0;0;0;0;0;0;0;0;0;0;0
4;410;-3336,11;-3336,11;-3336,11;-3336,11;-3336,11;-3336,11;-3336,11;-3336,11;-3336,11;-3336,11;-3336,11;-3337,7;-40034,86
4;420;-4596,6;-4596,6;-4596,6;-4596,6;-4596,6;-4596,6;-4596,6;-4596,6;-4596,6;-4596,6;-4596,6;-4598,8;-55161,56
4;430;2045,49;2045,49;2045,49;2045,49;2045,49;2045,49;2045,49;2045,49;2045,49;2045,49;2045,49;2046,47;24546,81
4;440;2641,46;2641,46;2641,46;2641,46;2641,46;2641,46;2641,46;2641,46;2641,46;2641,46;2641,46;2642,73;31698,78
4;450;90,35;90,35;90,35;90,35;90,35;90,35;90,35;90,35;90,35;90,35;90,35;90,4;1084,03
4;460;0;0;0;0;0;0;0;0;0;0;0;0;0
4;470;0;0;0;0;0;0;0;0;0;0;0;0;0
4;480;4,83;4,83;4,83;4,83;4,83;4,83;4,83;4,83;4,83;4,83;4,83;4,84;58
4;485;0;0;0;0;0;0;0;0;0;0;0;0;0
4;490;2,5;2,5;2,5;2,5;2,5;2,5;2,5;2,5;2,5;2,5;2,5;2,5;30
4;500;0;0;0;0;0;0;0;0;0;0;0;0;0
4;510;0;0;0;0;0;0;0;0;0;0;0;0;0
4;520;0;0;0;0;0;0;0;0;0;0;0;0;0
4;530;3,33;3,33;3,33;3,33;3,33;3,33;3,33;3,33;3,33;3,33;3,33;3,33;40
4;540;1,67;1,67;1,67;1,67;1,67;1,67;1,67;1,67;1,67;1,67;1,67;1,67;20
4;550;0;0;0;0;0;0;0;0;0;0;0;0;0
4;560;0,5;0,5;0,5;0,5;0,5;0,5;0,5;0,5;0,5;0,5;0,5;0,5;6
4;570;0;0;0;0;0;0;0;0;0;0;0;0;0
4;580;0;0;0;0;0;0;0;0;0;0;0;0;0
4;590;-61160,05;-61160,05;-61160,05;-61160,05;-61160,05;-61160,05;-61160,05;-61160,05;-61160,05;-61160,05;-61160,05;-61189,41;-733950
4;600;0;0;0;0;0;0;0;0;0;0;0;0;0
5;10;-135419,58;-135419,58;-135419,58;-135419,58;-135419,58;-135419,58;-135419,58;-135419,58;-135419,58;-135419,58;-135419,58;-135484,59;-1625100
5;20;0;0;0;0;0;0;0;0;0;0;0;0;0
5;30;-135419,58;-135419,58;-135419,58;-135419,58;-135419,58;-135419,58;-135419,58;-135419,58;-135419,58;-135419,58;-135419,58;-135484,59;-1625100
5;40;118492,14;118492,14;118492,14;118492,14;118492,14;118492,14;118492,14;118492,14;118492,14;118492,14;118492,14;118549,01;1421962,5
5;50;0;0;0;0;0;0;0;0;0;0;0;0;0
5;60;0;0;0;0;0;0;0;0;0;0;0;0;0
5;70;3385,49;3385,49;3385,49;3385,49;3385,49;3385,49;3385,49;3385,49;3385,49;3385,49;3385,49;3387,11;40627,5
5;80;249,99;249,99;249,99;249,99;249,99;249,99;249,99;249,99;249,99;249,99;249,99;250,11;3000
5;90;0;0;0;0;0;0;0;0;0;0;0;0;0
5;100;458,32;458,32;458,32;458,32;458,32;458,32;458,32;458,32;458,32;458,32;458,32;458,54;5500
5;110;624,98;624,98;624,98;624,98;624,98;624,98;624,98;624,98;624,98;624,98;624,98;625,28;7500
5;120;123210,92;123210,92;123210,92;123210,92;123210,92;123210,92;123210,92;123210,92;123210,92;123210,92;123210,92;123270,05;1478590
5;130;-12208,66;-12208,66;-12208,66;-12208,66;-12208,66;-12208,66;-12208,66;-12208,66;-12208,66;-12208,66;-12208,66;-12214,54;-146510
5;140;1957,34;1957,34;1957,34;1957,34;1957,34;1957,34;1957,34;1957,34;1957,34;1957,34;1957,34;1958,28;23489
5;150;1604,1;1604,1;1604,1;1604,1;1604,1;1604,1;1604,1;1604,1;1604,1;1604,1;1604,1;1604,87;19250
5;160;41,67;41,67;41,67;41,67;41,67;41,67;41,67;41,67;41,67;41,67;41,67;41,69;500
5;170;333,32;333,32;333,32;333,32;333,32;333,32;333,32;333,32;333,32;333,32;333,32;333,48;4000
5;180;1499,94;1499,94;1499,94;1499,94;1499,94;1499,94;1499,94;1499,94;1499,94;1499,94;1499,94;1500,66;18000
5;190;5436,37;5436,37;5436,37;5436,37;5436,37;5436,37;5436,37;5436,37;5436,37;5436,37;5436,37;5438,98;65239
5;200;3247,5;3247,5;3247,5;3247,5;3247,5;3247,5;3247,5;3247,5;3247,5;3247,5;3247,5;3249,05;38971,5
5;210;1681,18;1681,18;1681,18;1681,18;1681,18;1681,18;1681,18;1681,18;1681,18;1681,18;1681,18;1681,99;20175
5;220;291,66;291,66;291,66;291,66;291,66;291,66;291,66;291,66;291,66;291,66;291,66;291,8;3500
5;230;5220,34;5220,34;5220,34;5220,34;5220,34;5220,34;5220,34;5220,34;5220,34;5220,34;5220,34;5222,84;62646,5
5;240;-1551,95;-1551,95;-1551,95;-1551,95;-1551,95;-1551,95;-1551,95;-1551,95;-1551,95;-1551,95;-1551,95;-1552,72;-18624,5
5;250;0;0;0;0;0;0;0;0;0;0;0;0;0
5;260;-1249,95;-1249,95;-1249,95;-1249,95;-1249,95;-1249,95;-1249,95;-1249,95;-1249,95;-1249,95;-1249,95;-1250,55;-15000
5;270;-1354,2;-1354,2;-1354,2;-1354,2;-1354,2;-1354,2;-1354,2;-1354,2;-1354,2;-1354,2;-1354,2;-1354,85;-16251
5;280;-190,89;-190,89;-190,89;-190,89;-190,89;-190,89;-190,89;-190,89;-190,89;-190,89;-190,89;-190,98;-2290,75
5;290;0;0;0;0;0;0;0;0;0;0;0;0;0
5;300;0;0;0;0;0;0;0;0;0;0;0;0;0
5;310;0;0;0;0;0;0;0;0;0;0;0;0;0
5;320;-2795,04;-2795,04;-2795,04;-2795,04;-2795,04;-2795,04;-2795,04;-2795,04;-2795,04;-2795,04;-2795,04;-2796,38;-33541,75
5;330;-4346,99;-4346,99;-4346,99;-4346,99;-4346,99;-4346,99;-4346,99;-4346,99;-4346,99;-4346,99;-4346,99;-4349,1;-52166,25
5;340;2045,49;2045,49;2045,49;2045,49;2045,49;2045,49;2045,49;2045,49;2045,49;2045,49;2045,49;2046,47;24546,81
5;350;2641,46;2641,46;2641,46;2641,46;2641,46;2641,46;2641,46;2641,46;2641,46;2641,46;2641,46;2642,73;31698,78
5;360;339,96;339,96;339,96;339,96;339,96;339,96;339,96;339,96;339,96;339,96;339,96;340,1;4079,34
5;370;42;42;42;42;42;42;42;42;42;42;42;42;42
5;380;304820,48;304820,48;304820,48;304820,48;304820,48;304820,48;304820,48;304820,48;304820,48;304820,48;304820,48;304820,48;304820,48
5;390;10;10;10;10;10;10;10;10;10;10;10;10;120
5;400;11,25;11,25;11,25;11,25;11,25;11,25;11,25;11,25;11,25;11,25;11,25;11,25;135
5;410;1,17;1,17;1,17;1,17;1,17;1,17;1,17;1,17;1,17;1,17;1,17;1,17;14
5;420;9,5;9,5;9,5;9,5;9,5;9,5;9,5;9,5;9,5;9,5;9,5;9,5;114
5;430;0,42;0,42;0,42;0,42;0,42;0,42;0,42;0,42;0,42;0,42;0,42;0,42;5
5;440;0;0;0;0;0;0;0;0;0;0;0;0;0
5;450;3,83;3,83;3,83;3,83;3,83;3,83;3,83;3,83;3,83;3,83;3,83;3,84;46
5;460;40217,13;40217,13;40217,13;40217,13;40217,13;40217,13;40217,13;40217,13;40217,13;40217,13;40217,13;40236,44;482624,88
5;470;2,5;2,5;2,5;2,5;2,5;2,5;2,5;2,5;2,5;2,5;2,5;2,5;30
5;480;0;0;0;0;0;0;0;0;0;0;0;0;0
6;10;-22699,09;-22699,09;-22699,09;-22699,09;-22699,09;-22699,09;-22699,09;-22699,09;-22699,09;-22699,09;-22699,09;-22709,99;-272400
6;20;0;0;0;0;0;0;0;0;0;0;0;0;0
6;30;-22699,09;-22699,09;-22699,09;-22699,09;-22699,09;-22699,09;-22699,09;-22699,09;-22699,09;-22699,09;-22699,09;-22709,99;-272400
6;40;19294,23;19294,23;19294,23;19294,23;19294,23;19294,23;19294,23;19294,23;19294,23;19294,23;19294,23;19303,49;231540
6;50;0;0;0;0;0;0;0;0;0;0;0;0;0
6;60;1021,46;1021,46;1021,46;1021,46;1021,46;1021,46;1021,46;1021,46;1021,46;1021,46;1021,46;1021,95;12258
6;70;0;0;0;0;0;0;0;0;0;0;0;0;0
6;80;162,49;162,49;162,49;162,49;162,49;162,49;162,49;162,49;162,49;162,49;162,49;162,57;1950
6;90;0;0;0;0;0;0;0;0;0;0;0;0;0
6;100;199,99;199,99;199,99;199,99;199,99;199,99;199,99;199,99;199,99;199,99;199,99;200,09;2400
6;110;0;0;0;0;0;0;0;0;0;0;0;0;0
6;120;0;0;0;0;0;0;0;0;0;0;0;0;0
6;130;20678,17;20678,17;20678,17;20678,17;20678,17;20678,17;20678,17;20678,17;20678,17;20678,17;20678,17;20688,1;248148
6;140;-2020,92;-2020,92;-2020,92;-2020,92;-2020,92;-2020,92;-2020,92;-2020,92;-2020,92;-2020,92;-2020,92;-2021,89;-24252
6;150;0;0;0;0;0;0;0;0;0;0;0;0;0
6;160;100;100;100;100;100;100;100;100;100;100;100;100,04;1200
6;170;0;0;0;0;0;0;0;0;0;0;0;0;0
6;180;125;125;125;125;125;125;125;125;125;125;125;125,06;1500
6;190;449,98;449,98;449,98;449,98;449,98;449,98;449,98;449,98;449,98;449,98;449,98;450,2;5400
6;200;674,98;674,98;674,98;674,98;674,98;674,98;674,98;674,98;674,98;674,98;674,98;675,3;8100
6;210;0;0;0;0;0;0;0;0;0;0;0;0;0
6;220;0;0;0;0;0;0;0;0;0;0;0;0;0
6;230;0;0;0;0;0;0;0;0;0;0;0;0;0
6;240;0;0;0;0;0;0;0;0;0;0;0;0;0
6;250;0;0;0;0;0;0;0;0;0;0;0;0;0
6;260;-1345,94;-1345,94;-1345,94;-1345,94;-1345,94;-1345,94;-1345,94;-1345,94;-1345,94;-1345,94;-1345,94;-1346,59;-16152
6;270;0;0;0;0;0;0;0;0;0;0;0;0;0
6;280;-409,57;-409,57;-409,57;-409,57;-409,57;-409,57;-409,57;-409,57;-409,57;-409,57;-409,57;-409,76;-4914,99
6;290;-50,9;-50,9;-50,9;-50,9;-50,9;-50,9;-50,9;-50,9;-50,9;-50,9;-50,9;-50,93;-610,87
6;300;0;0;0;0;0;0;0;0;0;0;0;0;0
6;310;0;0;0;0;0;0;0;0;0;0;0;0;0
6;320;-460,47;-460,47;-460,47;-460,47;-460,47;-460,47;-460,47;-460,47;-460,47;-460,47;-460,47;-460,69;-5525,86
6;330;-1806,41;-1806,41;-1806,41;-1806,41;-1806,41;-1806,41;-1806,41;-1806,41;-1806,41;-1806,41;-1806,41;-1807,28;-21677,86
6;340;0;0;0;0;0;0;0;0;0;0;0;0;0
6;350;0;0;0;0;0;0;0;0;0;0;0;0;0
6;360;-1806,41;-1806,41;-1806,41;-1806,41;-1806,41;-1806,41;-1806,41;-1806,41;-1806,41;-1806,41;-1806,41;-1807,28;-21677,86
6;370;14;14;14;14;14;14;14;14;14;14;14;14;14
6;380;89655,6;89655,6;89655,6;89655,6;89655,6;89655,6;89655,6;89655,6;89655,6;89655,6;89655,6;89655,6;89655,6
6;390;3;3;3;3;3;3;3;3;3;3;3;3;36
6;400;0,83;0,83;0,83;0,83;0,83;0,83;0,83;0,83;0,83;0,83;0,83;0,83;10
6;410;0,42;0,42;0,42;0,42;0,42;0,42;0,42;0,42;0,42;0,42;0,42;0,42;5
6;420;2,67;2,67;2,67;2,67;2,67;2,67;2,67;2,67;2,67;2,67;2,67;2,67;32
6;430;0,17;0,17;0,17;0,17;0,17;0,17;0,17;0,17;0,17;0,17;0,17;0,17;2
6;440;0;0;0;0;0;0;0;0;0;0;0;0;0
6;450;1,25;1,25;1,25;1,25;1,25;1,25;1,25;1,25;1,25;1,25;1,25;1,25;15
6;460;12374,51;12374,51;12374,51;12374,51;12374,51;12374,51;12374,51;12374,51;12374,51;12374,51;12374,51;12380,45;148500
6;470;0,67;0,67;0,67;0,67;0,67;0,67;0,67;0,67;0,67;0,67;0,67;0,67;8
6;480;0;0;0;0;0;0;0;0;0;0;0;0;0
7;10;-25110,33;-25110,33;-25110,33;-25110,33;-25110,33;-25110,33;-25110,33;-25110,33;-25110,33;-25110,33;-25110,33;-25122,38;-301336
7;20;-2874,39;-2874,39;-2874,39;-2874,39;-2874,39;-2874,39;-2874,39;-2874,39;-2874,39;-2874,39;-2874,39;-2875,76;-34494
7;30;-10170,93;-10170,93;-10170,93;-10170,93;-10170,93;-10170,93;-10170,93;-10170,93;-10170,93;-10170,93;-10170,93;-10175,81;-122056
7;40;-416,65;-416,65;-416,65;-416,65;-416,65;-416,65;-416,65;-416,65;-416,65;-416,65;-416,65;-416,85;-5000
7;50;-8749,65;-8749,65;-8749,65;-8749,65;-8749,65;-8749,65;-8749,65;-8749,65;-8749,65;-8749,65;-8749,65;-8753,85;-105000
7;60;-47321,95;-47321,95;-47321,95;-47321,95;-47321,95;-47321,95;-47321,95;-47321,95;-47321,95;-47321,95;-47321,95;-47344,65;-567886
7;70;20855,17;20855,17;20855,17;20855,17;20855,17;20855,17;20855,17;20855,17;20855,17;20855,17;20855,17;20865,18;250272
7;80;4039,85;4039,85;4039,85;4039,85;4039,85;4039,85;4039,85;4039,85;4039,85;4039,85;4039,85;4041,79;48480,11
7;90;158,9;158,9;158,9;158,9;158,9;158,9;158,9;158,9;158,9;158,9;158,9;158,98;1906,89
7;100;6296,16;6296,16;6296,16;6296,16;6296,16;6296,16;6296,16;6296,16;6296,16;6296,16;6296,16;6299,19;75557
7;110;3074,88;3074,88;3074,88;3074,88;3074,88;3074,88;3074,88;3074,88;3074,88;3074,88;3074,88;3076,35;36900
7;120;7031,12;7031,12;7031,12;7031,12;7031,12;7031,12;7031,12;7031,12;7031,12;7031,12;7031,12;7034,49;84376,79
7;130;41456,08;41456,08;41456,08;41456,08;41456,08;41456,08;41456,08;41456,08;41456,08;41456,08;41456,08;41475,98;497492,79
7;140;-5865,87;-5865,87;-5865,87;-5865,87;-5865,87;-5865,87;-5865,87;-5865,87;-5865,87;-5865,87;-5865,87;-5868,67;-70393,21
7;150;-49316,76;-49316,76;-49316,76;-49316,76;-49316,76;-49316,76;-49316,76;-49316,76;-49316,76;-49316,76;-49316,76;-49340,43;-591824,79
7;160;-6463,6;-6463,6;-6463,6;-6463,6;-6463,6;-6463,6;-6463,6;-6463,6;-6463,6;-6463,6;-6463,6;-6466,7;-77566,33
7;170;-19975,73;-19975,73;-19975,73;-19975,73;-19975,73;-19975,73;-19975,73;-19975,73;-19975,73;-19975,73;-19975,73;-19985,32;-239718,34
7;180;-75756,09;-75756,09;-75756,09;-75756,09;-75756,09;-75756,09;-75756,09;-75756,09;-75756,09;-75756,09;-75756,09;-75792,45;-909109,46
7;190;52271,7;52271,7;52271,7;52271,7;52271,7;52271,7;52271,7;52271,7;52271,7;52271,7;52271,7;52296,79;627285,53
7;200;9848,29;9848,29;9848,29;9848,29;9848,29;9848,29;9848,29;9848,29;9848,29;9848,29;9848,29;9853,02;118184,23
7;210;4545,37;4545,37;4545,37;4545,37;4545,37;4545,37;4545,37;4545,37;4545,37;4545,37;4545,37;4547,55;54546,57
7;220;66665,36;66665,36;66665,36;66665,36;66665,36;66665,36;66665,36;66665,36;66665,36;66665,36;66665,36;66697,36;800016,33
7;230;-9090,73;-9090,73;-9090,73;-9090,73;-9090,73;-9090,73;-9090,73;-9090,73;-9090,73;-9090,73;-9090,73;-9095,09;-109093,13
7;240;1378,47;1378,47;1378,47;1378,47;1378,47;1378,47;1378,47;1378,47;1378,47;1378,47;1378,47;1379,14;16542,35
7;250;0;0;0;0;0;0;0;0;0;0;0;0;0
7;260;0;0;0;0;0;0;0;0;0;0;0;0;0
7;270;333,32;333,32;333,32;333,32;333,32;333,32;333,32;333,32;333,32;333,32;333,32;333,48;4000
7;280;0;0;0;0;0;0;0;0;0;0;0;0;0
7;290;0;0;0;0;0;0;0;0;0;0;0;0;0
7;300;0;0;0;0;0;0;0;0;0;0;0;0;0
7;310;833,3;833,3;833,3;833,3;833,3;833,3;833,3;833,3;833,3;833,3;833,3;833,7;10000
7;320;2545,09;2545,09;2545,09;2545,09;2545,09;2545,09;2545,09;2545,09;2545,09;2545,09;2545,09;2546,32;30542,35
7;330;-12411,51;-12411,51;-12411,51;-12411,51;-12411,51;-12411,51;-12411,51;-12411,51;-12411,51;-12411,51;-12411,51;-12417,44;-148943,99
7;340;0;0;0;0;0;0;0;0;0;0;0;0;0
7;350;0;0;0;0;0;0;0;0;0;0;0;0;0
7;360;-1333,28;-1333,28;-1333,28;-1333,28;-1333,28;-1333,28;-1333,28;-1333,28;-1333,28;-1333,28;-1333,28;-1333,92;-16000
7;370;0;0;0;0;0;0;0;0;0;0;0;0;0
7;380;-1333,28;-1333,28;-1333,28;-1333,28;-1333,28;-1333,28;-1333,28;-1333,28;-1333,28;-1333,28;-1333,28;-1333,92;-16000
7;390;-13744,79;-13744,79;-13744,79;-13744,79;-13744,79;-13744,79;-13744,79;-13744,79;-13744,79;-13744,79;-13744,79;-13751,36;-164943,99
7;400;4090,97;4090,97;4090,97;4090,97;4090,97;4090,97;4090,97;4090,97;4090,97;4090,97;4090,97;4092,93;49093,61
7;410;5282,92;5282,92;5282,92;5282,92;5282,92;5282,92;5282,92;5282,92;5282,92;5282,92;5282,92;5285,46;63397,55
7;420;-4370,9;-4370,9;-4370,9;-4370,9;-4370,9;-4370,9;-4370,9;-4370,9;-4370,9;-4370,9;-4370,9;-4372,97;-52452,83
7;430;391,65;391,65;391,65;391,65;391,65;391,65;391,65;391,65;391,65;391,65;391,65;391,84;4700
7;440;7;7;7;7;7;7;7;7;7;7;7;7;7
7;450;8;8;8;8;8;8;8;8;8;8;8;8;8
7;460;90;90;90;90;90;90;90;90;90;90;90;90;90
7;470;0;0;0;0;0;0;0;0;0;0;0;0;0
7;480;0;0;0;0;0;0;0;0;0;0;0;0;0
7;490;0;0;0;0;0;0;0;0;0;0;0;0;0
7;500;0;0;0;0;0;0;0;0;0;0;0;0;0
7;510;-123078,04;-123078,04;-123078,04;-123078,04;-123078,04;-123078,04;-123078,04;-123078,04;-123078,04;-123078,04;-123078,04;-123137,1;-1476995,46
7;520;0;0;0;0;0;0;0;0;0;0;0;0;0
8;10;-121486,02;-121486,02;-121486,02;-121486,02;-121486,02;-121486,02;-121486,02;-121486,02;-121486,02;-121486,02;-121486,02;-121544,33;-1457890,53
8;20;0;0;0;0;0;0;0;0;0;0;0;0;0
8;30;-121486,02;-121486,02;-121486,02;-121486,02;-121486,02;-121486,02;-121486,02;-121486,02;-121486,02;-121486,02;-121486,02;-121544,33;-1457890,53
8;40;80180,77;80180,77;80180,77;80180,77;80180,77;80180,77;80180,77;80180,77;80180,77;80180,77;80180,77;80219,26;962207,75
8;50;1214,86;1214,86;1214,86;1214,86;1214,86;1214,86;1214,86;1214,86;1214,86;1214,86;1214,86;1215,44;14578,91
8;60;307,36;307,36;307,36;307,36;307,36;307,36;307,36;307,36;307,36;307,36;307,36;307,51;3688,46
8;70;23082,34;23082,34;23082,34;23082,34;23082,34;23082,34;23082,34;23082,34;23082,34;23082,34;23082,34;23093,42;276999,2
8;80;104785,33;104785,33;104785,33;104785,33;104785,33;104785,33;104785,33;104785,33;104785,33;104785,33;104785,33;104835,63;1257474,32
8;90;-16700,69;-16700,69;-16700,69;-16700,69;-16700,69;-16700,69;-16700,69;-16700,69;-16700,69;-16700,69;-16700,69;-16708,7;-200416,21
8;100;4166,5;4166,5;4166,5;4166,5;4166,5;4166,5;4166,5;4166,5;4166,5;4166,5;4166,5;4168,5;50000
8;110;2561,73;2561,73;2561,73;2561,73;2561,73;2561,73;2561,73;2561,73;2561,73;2561,73;2561,73;2562,96;30742
8;120;0;0;0;0;0;0;0;0;0;0;0;0;0
8;130;25;25;25;25;25;25;25;25;25;25;25;25,01;300
8;140;0;0;0;0;0;0;0;0;0;0;0;0;0
8;150;6753,23;6753,23;6753,23;6753,23;6753,23;6753,23;6753,23;6753,23;6753,23;6753,23;6753,23;6756,47;81042
8;160;5860,02;5860,02;5860,02;5860,02;5860,02;5860,02;5860,02;5860,02;5860,02;5860,02;5860,02;5862,83;70323
8;170;2700,39;2700,39;2700,39;2700,39;2700,39;2700,39;2700,39;2700,39;2700,39;2700,39;2700,39;2701,69;32406
8;180;0;0;0;0;0;0;0;0;0;0;0;0;0
8;190;0;0;0;0;0;0;0;0;0;0;0;0;0
8;200;791,64;791,64;791,64;791,64;791,64;791,64;791,64;791,64;791,64;791,64;791,64;792,02;9500
8;210;9352,05;9352,05;9352,05;9352,05;9352,05;9352,05;9352,05;9352,05;9352,05;9352,05;9352,05;9356,54;112229
8;220;-595,41;-595,41;-595,41;-595,41;-595,41;-595,41;-595,41;-595,41;-595,41;-595,41;-595,41;-595,69;-7145,21
8;230;-9848,29;-9848,29;-9848,29;-9848,29;-9848,29;-9848,29;-9848,29;-9848,29;-9848,29;-9848,29;-9848,29;-9853,02;-118184,23
8;240;-2624,89;-2624,89;-2624,89;-2624,89;-2624,89;-2624,89;-2624,89;-2624,89;-2624,89;-2624,89;-2624,89;-2626,15;-31500
8;250;0;0;0;0;0;0;0;0;0;0;0;0;0
8;260;-13068,59;-13068,59;-13068,59;-13068,59;-13068,59;-13068,59;-13068,59;-13068,59;-13068,59;-13068,59;-13068,59;-13074,86;-156829,44
8;270;4090,97;4090,97;4090,97;4090,97;4090,97;4090,97;4090,97;4090,97;4090,97;4090,97;4090,97;4092,93;49093,61
8;280;5282,92;5282,92;5282,92;5282,92;5282,92;5282,92;5282,92;5282,92;5282,92;5282,92;5282,92;5285,46;63397,55
8;290;-3694,7;-3694,7;-3694,7;-3694,7;-3694,7;-3694,7;-3694,7;-3694,7;-3694,7;-3694,7;-3694,7;-3696,47;-44338,28
8;300;0;0;0;0;0;0;0;0;0;0;0;0;0
8;310;0;0;0;0;0;0;0;0;0;0;0;0;0
8;320;4;4;4;4;4;4;4;4;4;4;4;4;4
8;330;0;0;0;0;0;0;0;0;0;0;0;0;0
8;340;0;0;0;0;0;0;0;0;0;0;0;0;0
8;350;0;0;0;0;0;0;0;0;0;0;0;0;0
12;40;0;0;0;0;0;0;0;0;0;0;0;0;0
12;120;0;0;0;0;0;0;0;0;0;0;0;0;0
12;130;0;0;0;0;0;0;0;0;0;0;0;0;0
12;190;0;0;0;0;0;0;0;0;0;0;0;0;0
12;240;0;0;0;0;0;0;0;0;0;0;0;0;0
12;250;0;0;0;0;0;0;0;0;0;0;0;0;0
12;380;0;0;0;0;0;0;0;0;0;0;0;0;0
12;390;0;0;0;0;0;0;0;0;0;0;0;0;0
12;400;0;0;0;0;0;0;0;0;0;0;0;0;0
12;410;0;0;0;0;0;0;0;0;0;0;0;0;0
12;420;0;0;0;0;0;0;0;0;0;0;0;0;0
12;550;0;0;0;0;0;0;0;0;0;0;0;0;0
13;60;0;0;0;0;0;0;0;0;0;0;0;0;0
13;130;0;0;0;0;0;0;0;0;0;0;0;0;0
13;140;0;0;0;0;0;0;0;0;0;0;0;0;0
13;180;0;0;0;0;0;0;0;0;0;0;0;0;0
13;220;0;0;0;0;0;0;0;0;0;0;0;0;0
13;230;0;0;0;0;0;0;0;0;0;0;0;0;0
13;320;0;0;0;0;0;0;0;0;0;0;0;0;0
13;330;0;0;0;0;0;0;0;0;0;0;0;0;0
13;380;0;0;0;0;0;0;0;0;0;0;0;0;0
13;390;0;0;0;0;0;0;0;0;0;0;0;0;0
13;400;0;0;0;0;0;0;0;0;0;0;0;0;0
13;410;0;0;0;0;0;0;0;0;0;0;0;0;0
13;420;0;0;0;0;0;0;0;0;0;0;0;0;0
13;510;0;0;0;0;0;0;0;0;0;0;0;0;0
14;10;-60183,6;-60183,6;-60183,6;-60183,6;-60183,6;-60183,6;-60183,6;-60183,6;-60183,6;-60183,6;-60183,6;-60212,49;-722232,13
14;20;-14519,61;-14519,61;-14519,61;-14519,61;-14519,61;-14519,61;-14519,61;-14519,61;-14519,61;-14519,61;-14519,61;-14526,58;-174242,25
14;30;-7175,77;-7175,77;-7175,77;-7175,77;-7175,77;-7175,77;-7175,77;-7175,77;-7175,77;-7175,77;-7175,77;-7179,21;-86112,68
14;40;-81878,98;-81878,98;-81878,98;-81878,98;-81878,98;-81878,98;-81878,98;-81878,98;-81878,98;-81878,98;-81878,98;-81918,28;-982587,06
14;50;67232,89;67232,89;67232,89;67232,89;67232,89;67232,89;67232,89;67232,89;67232,89;67232,89;67232,89;67265,16;806826,94
14;60;416,65;416,65;416,65;416,65;416,65;416,65;416,65;416,65;416,65;416,65;416,65;416,85;5000
14;70;261,46;261,46;261,46;261,46;261,46;261,46;261,46;261,46;261,46;261,46;261,46;261,59;3137,66
14;80;373,52;373,52;373,52;373,52;373,52;373,52;373,52;373,52;373,52;373,52;373,52;373,7;4482,37
14;100;599,98;599,98;599,98;599,98;599,98;599,98;599,98;599,98;599,98;599,98;599,98;600,26;7200
14;110;10163,9;10163,9;10163,9;10163,9;10163,9;10163,9;10163,9;10163,9;10163,9;10163,9;10163,9;10168,78;121971,65
14;120;79048,4;79048,4;79048,4;79048,4;79048,4;79048,4;79048,4;79048,4;79048,4;79048,4;79048,4;79086,34;948618,62
14;130;-2830,58;-2830,58;-2830,58;-2830,58;-2830,58;-2830,58;-2830,58;-2830,58;-2830,58;-2830,58;-2830,58;-2831,94;-33968,44
14;140;1041,79;1041,79;1041,79;1041,79;1041,79;1041,79;1041,79;1041,79;1041,79;1041,79;1041,79;1042,29;12502
14;150;83,33;83,33;83,33;83,33;83,33;83,33;83,33;83,33;83,33;83,33;83,33;83,37;1000
14;160;149,41;149,41;149,41;149,41;149,41;149,41;149,41;149,41;149,41;149,41;149,41;149,48;1792,95
14;170;0;0;0;0;0;0;0;0;0;0;0;0;0
14;180;2988,13;2988,13;2988,13;2988,13;2988,13;2988,13;2988,13;2988,13;2988,13;2988,13;2988,13;2989,56;35858,98
14;190;4262,66;4262,66;4262,66;4262,66;4262,66;4262,66;4262,66;4262,66;4262,66;4262,66;4262,66;4264,7;51153,93
14;200;1702,18;1702,18;1702,18;1702,18;1702,18;1702,18;1702,18;1702,18;1702,18;1702,18;1702,18;1703;20427
14;210;878,8;878,8;878,8;878,8;878,8;878,8;878,8;878,8;878,8;878,8;878,8;879,22;10546
14;220;0;0;0;0;0;0;0;0;0;0;0;0;0
14;230;0;0;0;0;0;0;0;0;0;0;0;0;0
14;240;2580,98;2580,98;2580,98;2580,98;2580,98;2580,98;2580,98;2580,98;2580,98;2580,98;2580,98;2582,22;30973
14;250;4013,06;4013,06;4013,06;4013,06;4013,06;4013,06;4013,06;4013,06;4013,06;4013,06;4013,06;4014,98;48158,49
14;260;0;0;0;0;0;0;0;0;0;0;0;0;0
14;270;-448,22;-448,22;-448,22;-448,22;-448,22;-448,22;-448,22;-448,22;-448,22;-448,22;-448,22;-448,43;-5378,85
14;280;-299,99;-299,99;-299,99;-299,99;-299,99;-299,99;-299,99;-299,99;-299,99;-299,99;-299,99;-300,13;-3600
14;290;-665,26;-665,26;-665,26;-665,26;-665,26;-665,26;-665,26;-665,26;-665,26;-665,26;-665,26;-665,58;-7983,44
14;300;-169,01;-169,01;-169,01;-169,01;-169,01;-169,01;-169,01;-169,01;-169,01;-169,01;-169,01;-169,09;-2028,15
14;310;-2473,59;-2473,59;-2473,59;-2473,59;-2473,59;-2473,59;-2473,59;-2473,59;-2473,59;-2473,59;-2473,59;-2474,78;-29684,24
14;320;0;0;0;0;0;0;0;0;0;0;0;0;0
14;330;-116,86;-116,86;-116,86;-116,86;-116,86;-116,86;-116,86;-116,86;-116,86;-116,86;-116,86;-116,92;-1402,4
14;340;0;0;0;0;0;0;0;0;0;0;0;0;0
14;350;0;0;0;0;0;0;0;0;0;0;0;0;0
14;360;0;0;0;0;0;0;0;0;0;0;0;0;0
14;370;0;0;0;0;0;0;0;0;0;0;0;0;0
14;374;0;0;0;0;0;0;0;0;0;0;0;0;0
14;376;0;0;0;0;0;0;0;0;0;0;0;0;0
14;380;-4172,93;-4172,93;-4172,93;-4172,93;-4172,93;-4172,93;-4172,93;-4172,93;-4172,93;-4172,93;-4172,93;-4174,93;-50077,08
14;390;-159,87;-159,87;-159,87;-159,87;-159,87;-159,87;-159,87;-159,87;-159,87;-159,87;-159,87;-159,95;-1918,59
14;400;4090,97;4090,97;4090,97;4090,97;4090,97;4090,97;4090,97;4090,97;4090,97;4090,97;4090,97;4092,93;49093,61
14;410;5282,92;5282,92;5282,92;5282,92;5282,92;5282,92;5282,92;5282,92;5282,92;5282,92;5282,92;5285,46;63397,55
14;420;9214,02;9214,02;9214,02;9214,02;9214,02;9214,02;9214,02;9214,02;9214,02;9214,02;9214,02;9218,44;110572,57
14;430;28;28;28;28;28;28;28;28;28;28;28;28;28
14;440;570005,29;570005,29;570005,29;570005,29;570005,29;570005,29;570005,29;570005,29;570005,29;570005,29;570005,29;570005,29;570005,29
14;450;3,92;3,92;3,92;3,92;3,92;3,92;3,92;3,92;3,92;3,92;3,92;3,92;47
14;455;0;0;0;0;0;0;0;0;0;0;0;0;0
14;460;0,42;0,42;0,42;0,42;0,42;0,42;0,42;0,42;0,42;0,42;0,42;0,42;5
14;470;0;0;0;0;0;0;0;0;0;0;0;0;0
14;480;0;0;0;0;0;0;0;0;0;0;0;0;0
14;490;3,75;3,75;3,75;3,75;3,75;3,75;3,75;3,75;3,75;3,75;3,75;3,75;45
14;500;2,08;2,08;2,08;2,08;2,08;2,08;2,08;2,08;2,08;2,08;2,08;2,08;25
14;510;35572,76;35572,76;35572,76;35572,76;35572,76;35572,76;35572,76;35572,76;35572,76;35572,76;35572,76;35589,83;426890,16
14;520;0,42;0,42;0,42;0,42;0,42;0,42;0,42;0,42;0,42;0,42;0,42;0,42;5
14;530;0,67;0,67;0,67;0,67;0,67;0,67;0,67;0,67;0,67;0,67;0,67;0,67;8
14;540;0;0;0;0;0;0;0;0;0;0;0;0;0
14;550;-74703,21;-74703,21;-74703,21;-74703,21;-74703,21;-74703,21;-74703,21;-74703,21;-74703,21;-74703,21;-74703,21;-74739,07;-896474,38
14;560;0;0;0;0;0;0;0;0;0;0;0;0;0
15;10;-76077;-76077;-76077;-76077;-76077;-76077;-76077;-76077;-76077;-76077;-76077;-76113,52;-912960,51
15;20;0;0;0;0;0;0;0;0;0;0;0;0;0
15;30;-76077;-76077;-76077;-76077;-76077;-76077;-76077;-76077;-76077;-76077;-76077;-76113,52;-912960,51
15;40;71512,38;71512,38;71512,38;71512,38;71512,38;71512,38;71512,38;71512,38;71512,38;71512,38;71512,38;71546,71;858182,88
15;50;0;0;0;0;0;0;0;0;0;0;0;0;0
15;60;1199,95;1199,95;1199,95;1199,95;1199,95;1199,95;1199,95;1199,95;1199,95;1199,95;1199,95;1200,53;14400
15;70;0;0;0;0;0;0;0;0;0;0;0;0;0
15;80;72712,33;72712,33;72712,33;72712,33;72712,33;72712,33;72712,33;72712,33;72712,33;72712,33;72712,33;72747,24;872582,88
15;90;-3364,67;-3364,67;-3364,67;-3364,67;-3364,67;-3364,67;-3364,67;-3364,67;-3364,67;-3364,67;-3364,67;-3366,28;-40377,63
15;110;4,75;4,75;4,75;4,75;4,75;4,75;4,75;4,75;4,75;4,75;4,75;4,75;57
15;120;4,75;4,75;4,75;4,75;4,75;4,75;4,75;4,75;4,75;4,75;4,75;4,75;57
15;130;8;8;8;8;8;8;8;8;8;8;8;8;8
15;140;130136,94;130136,94;130136,94;130136,94;130136,94;130136,94;130136,94;130136,94;130136,94;130136,94;130136,94;130136,94;130136,94
15;150;0;0;0;0;0;0;0;0;0;0;0;0;0
17;10;0;0;0;0;0;0;0;0;0;0;0;0;0
17;20;0;0;0;0;0;0;0;0;0;0;0;0;0
17;30;0;0;0;0;0;0;0;0;0;0;0;0;0
17;40;-112,5;-112,5;-112,5;-112,5;-112,5;-112,5;-112,5;-112,5;-112,5;-112,5;-112,5;-112,55;-1350
17;50;0;0;0;0;0;0;0;0;0;0;0;0;0
17;60;-291,65;-291,65;-291,65;-291,65;-291,65;-291,65;-291,65;-291,65;-291,65;-291,65;-291,65;-291,79;-3500
17;70;999,96;999,96;999,96;999,96;999,96;999,96;999,96;999,96;999,96;999,96;999,96;1000,44;12000
17;80;0;0;0;0;0;0;0;0;0;0;0;0;0
17;90;0;0;0;0;0;0;0;0;0;0;0;0;0
17;100;0;0;0;0;0;0;0;0;0;0;0;0;0
17;110;0;0;0;0;0;0;0;0;0;0;0;0;0
17;120;0;0;0;0;0;0;0;0;0;0;0;0;0
17;130;0;0;0;0;0;0;0;0;0;0;0;0;0
17;140;595,81;595,81;595,81;595,81;595,81;595,81;595,81;595,81;595,81;595,81;595,81;596,1;7150
20;10;0;0;0;0;0;0;0;0;0;0;0;0;0
20;20;14213,69;14213,69;14213,69;14213,69;14213,69;14213,69;14213,69;14213,69;14213,69;14213,69;14213,69;14220,51;170571,08
20;30;403,23;403,23;403,23;403,23;403,23;403,23;403,23;403,23;403,23;403,23;403,23;403,43;4839
20;40;0;0;0;0;0;0;0;0;0;0;0;0;0
20;50;749,97;749,97;749,97;749,97;749,97;749,97;749,97;749,97;749,97;749,97;749,97;750,33;9000
20;60;0;0;0;0;0;0;0;0;0;0;0;0;0
20;70;0;0;0;0;0;0;0;0;0;0;0;0;0
20;80;950,13;950,13;950,13;950,13;950,13;950,13;950,13;950,13;950,13;950,13;950,13;950,59;11402,02
20;90;0;0;0;0;0;0;0;0;0;0;0;0;0
20;100;2227,07;2227,07;2227,07;2227,07;2227,07;2227,07;2227,07;2227,07;2227,07;2227,07;2227,07;2228,14;26725,91
20;110;18544,09;18544,09;18544,09;18544,09;18544,09;18544,09;18544,09;18544,09;18544,09;18544,09;18544,09;18553;222538,01
21;10;-79995,18;-79995,18;-79995,18;-79995,18;-79995,18;-79995,18;-79995,18;-79995,18;-79995,18;-79995,18;-79995,18;-80033,57;-959980,5
21;20;-8888,35;-8888,35;-8888,35;-8888,35;-8888,35;-8888,35;-8888,35;-8888,35;-8888,35;-8888,35;-8888,35;-8892,62;-106664,5
21;30;-13409,96;-13409,96;-13409,96;-13409,96;-13409,96;-13409,96;-13409,96;-13409,96;-13409,96;-13409,96;-13409,96;-13416,4;-160926
21;40;-102293,49;-102293,49;-102293,49;-102293,49;-102293,49;-102293,49;-102293,49;-102293,49;-102293,49;-102293,49;-102293,49;-102342,59;-1227571
21;50;80884,01;80884,01;80884,01;80884,01;80884,01;80884,01;80884,01;80884,01;80884,01;80884,01;80884,01;80922,84;970646,95
21;60;355,53;355,53;355,53;355,53;355,53;355,53;355,53;355,53;355,53;355,53;355,53;355,7;4266,58
21;70;177,77;177,77;177,77;177,77;177,77;177,77;177,77;177,77;177,77;177,77;177,77;177,85;2133,29
21;80;999,96;999,96;999,96;999,96;999,96;999,96;999,96;999,96;999,96;999,96;999,96;1000,44;12000
21;100;599,98;599,98;599,98;599,98;599,98;599,98;599,98;599,98;599,98;599,98;599,98;600,26;7200
21;110;16437,56;16437,56;16437,56;16437,56;16437,56;16437,56;16437,56;16437,56;16437,56;16437,56;16437,56;16445,45;197258,58
21;120;99454,81;99454,81;99454,81;99454,81;99454,81;99454,81;99454,81;99454,81;99454,81;99454,81;99454,81;99502,54;1193505,4
21;130;-2838,68;-2838,68;-2838,68;-2838,68;-2838,68;-2838,68;-2838,68;-2838,68;-2838,68;-2838,68;-2838,68;-2840,05;-34065,6
21;140;1083,04;1083,04;1083,04;1083,04;1083,04;1083,04;1083,04;1083,04;1083,04;1083,04;1083,04;1083,56;12997
21;150;599,98;599,98;599,98;599,98;599,98;599,98;599,98;599,98;599,98;599,98;599,98;600,26;7200
21;160;133,33;133,33;133,33;133,33;133,33;133,33;133,33;133,33;133,33;133,33;133,33;133,39;1599,97
21;170;41,67;41,67;41,67;41,67;41,67;41,67;41,67;41,67;41,67;41,67;41,67;41,69;500
21;180;2592,79;2592,79;2592,79;2592,79;2592,79;2592,79;2592,79;2592,79;2592,79;2592,79;2592,79;2594,03;31114,69
21;190;4450,81;4450,81;4450,81;4450,81;4450,81;4450,81;4450,81;4450,81;4450,81;4450,81;4450,81;4452,93;53411,66
21;200;2710,64;2710,64;2710,64;2710,64;2710,64;2710,64;2710,64;2710,64;2710,64;2710,64;2710,64;2711,94;32529
21;210;112,58;112,58;112,58;112,58;112,58;112,58;112,58;112,58;112,58;112,58;112,58;112,63;1351
21;220;21,67;21,67;21,67;21,67;21,67;21,67;21,67;21,67;21,67;21,67;21,67;21,68;260
21;230;299,99;299,99;299,99;299,99;299,99;299,99;299,99;299,99;299,99;299,99;299,99;300,13;3600
21;240;3144,88;3144,88;3144,88;3144,88;3144,88;3144,88;3144,88;3144,88;3144,88;3144,88;3144,88;3146,38;37740
21;250;4757,01;4757,01;4757,01;4757,01;4757,01;4757,01;4757,01;4757,01;4757,01;4757,01;4757,01;4759,26;57086,06
21;260;0;0;0;0;0;0;0;0;0;0;0;0;0
21;270;-2074,23;-2074,23;-2074,23;-2074,23;-2074,23;-2074,23;-2074,23;-2074,23;-2074,23;-2074,23;-2074,23;-2075,23;-24891,75
21;280;-769,28;-769,28;-769,28;-769,28;-769,28;-769,28;-769,28;-769,28;-769,28;-769,28;-769,28;-769,65;-9231,68
21;290;-113,09;-113,09;-113,09;-113,09;-113,09;-113,09;-113,09;-113,09;-113,09;-113,09;-113,09;-113,14;-1357,11
21;300;-150,23;-150,23;-150,23;-150,23;-150,23;-150,23;-150,23;-150,23;-150,23;-150,23;-150,23;-150,3;-1802,8
21;310;-2012,09;-2012,09;-2012,09;-2012,09;-2012,09;-2012,09;-2012,09;-2012,09;-2012,09;-2012,09;-2012,09;-2013,05;-24146,03
21;320;0;0;0;0;0;0;0;0;0;0;0;0;0
21;330;-78,46;-78,46;-78,46;-78,46;-78,46;-78,46;-78,46;-78,46;-78,46;-78,46;-78,46;-78,5;-941,55
21;340;-84,16;-84,16;-84,16;-84,16;-84,16;-84,16;-84,16;-84,16;-84,16;-84,16;-84,16;-84,2;-1010
21;350;0;0;0;0;0;0;0;0;0;0;0;0;0
21;360;0;0;0;0;0;0;0;0;0;0;0;0;0
21;370;0;0;0;0;0;0;0;0;0;0;0;0;0
21;374;0;0;0;0;0;0;0;0;0;0;0;0;0
21;376;0;0;0;0;0;0;0;0;0;0;0;0;0
21;380;-5281,54;-5281,54;-5281,54;-5281,54;-5281,54;-5281,54;-5281,54;-5281,54;-5281,54;-5281,54;-5281,54;-5284,07;-63380,92
21;390;-524,53;-524,53;-524,53;-524,53;-524,53;-524,53;-524,53;-524,53;-524,53;-524,53;-524,53;-524,81;-6294,86
21;400;7417,64;7417,64;7417,64;7417,64;7417,64;7417,64;7417,64;7417,64;7417,64;7417,64;7417,64;7421,2;89015,2
21;410;3516,7;3516,7;3516,7;3516,7;3516,7;3516,7;3516,7;3516,7;3516,7;3516,7;3516,7;3518,4;42202,14
21;420;10409,81;10409,81;10409,81;10409,81;10409,81;10409,81;10409,81;10409,81;10409,81;10409,81;10409,81;10414,79;124922,48
21;430;0;0;0;0;0;0;0;0;0;0;0;0;0
21;440;0;0;0;0;0;0;0;0;0;0;0;0;0
21;450;8;8;8;8;8;8;8;8;8;8;8;8;96
21;455;0;0;0;0;0;0;0;0;0;0;0;0;0
21;460;0;0;0;0;0;0;0;0;0;0;0;0;0
21;470;0;0;0;0;0;0;0;0;0;0;0;0;0
21;480;0;0;0;0;0;0;0;0;0;0;0;0;0
21;490;3,17;3,17;3,17;3,17;3,17;3,17;3,17;3,17;3,17;3,17;3,17;3,17;38
21;500;2,5;2,5;2,5;2,5;2,5;2,5;2,5;2,5;2,5;2,5;2,5;2,5;30
21;510;33183,81;33183,81;33183,81;33183,81;33183,81;33183,81;33183,81;33183,81;33183,81;33183,81;33183,81;33199,74;398221,66
21;520;0;0;0;0;0;0;0;0;0;0;0;0;0
21;530;0,83;0,83;0,83;0,83;0,83;0,83;0,83;0,83;0,83;0,83;0,83;0,83;10
21;540;0;0;0;0;0;0;0;0;0;0;0;0;0
21;550;-88883,53;-88883,53;-88883,53;-88883,53;-88883,53;-88883,53;-88883,53;-88883,53;-88883,53;-88883,53;-88883,53;-88926,19;-1066645
21;560;0;0;0;0;0;0;0;0;0;0;0;0;0
22;10;-66091,63;-66091,63;-66091,63;-66091,63;-66091,63;-66091,63;-66091,63;-66091,63;-66091,63;-66091,63;-66091,63;-66123,35;-793131,25
22;20;-3478,51;-3478,51;-3478,51;-3478,51;-3478,51;-3478,51;-3478,51;-3478,51;-3478,51;-3478,51;-3478,51;-3480,18;-41743,75
22;30;-8713,65;-8713,65;-8713,65;-8713,65;-8713,65;-8713,65;-8713,65;-8713,65;-8713,65;-8713,65;-8713,65;-8717,83;-104568
22;40;-78283,79;-78283,79;-78283,79;-78283,79;-78283,79;-78283,79;-78283,79;-78283,79;-78283,79;-78283,79;-78283,79;-78321,36;-939443
22;50;62613,12;62613,12;62613,12;62613,12;62613,12;62613,12;62613,12;62613,12;62613,12;62613,12;62613,12;62643,18;751387,5
22;60;69,57;69,57;69,57;69,57;69,57;69,57;69,57;69,57;69,57;69,57;69,57;69,6;834,88
22;70;83,33;83,33;83,33;83,33;83,33;83,33;83,33;83,33;83,33;83,33;83,33;83,37;1000
22;80;524,98;524,98;524,98;524,98;524,98;524,98;524,98;524,98;524,98;524,98;524,98;525,23;6300
22;100;524,98;524,98;524,98;524,98;524,98;524,98;524,98;524,98;524,98;524,98;524,98;525,23;6300
22;110;12540,01;12540,01;12540,01;12540,01;12540,01;12540,01;12540,01;12540,01;12540,01;12540,01;12540,01;12546,03;150486,13
22;120;76355,99;76355,99;76355,99;76355,99;76355,99;76355,99;76355,99;76355,99;76355,99;76355,99;76355,99;76392,64;916308,51
22;130;-1927,8;-1927,8;-1927,8;-1927,8;-1927,8;-1927,8;-1927,8;-1927,8;-1927,8;-1927,8;-1927,8;-1928,72;-23134,49
22;140;611,89;611,89;611,89;611,89;611,89;611,89;611,89;611,89;611,89;611,89;611,89;612,19;7343
22;150;199,99;199,99;199,99;199,99;199,99;199,99;199,99;199,99;199,99;199,99;199,99;200,09;2400
22;160;1624,94;1624,94;1624,94;1624,94;1624,94;1624,94;1624,94;1624,94;1624,94;1624,94;1624,94;1625,72;19500
22;170;0;0;0;0;0;0;0;0;0;0;0;0;0
22;180;1530,54;1530,54;1530,54;1530,54;1530,54;1530,54;1530,54;1530,54;1530,54;1530,54;1530,54;1531,28;18367,25
22;190;3967,36;3967,36;3967,36;3967,36;3967,36;3967,36;3967,36;3967,36;3967,36;3967,36;3967,36;3969,28;47610,25
22;200;742,55;742,55;742,55;742,55;742,55;742,55;742,55;742,55;742,55;742,55;742,55;742,91;8911
22;210;429,98;429,98;429,98;429,98;429,98;429,98;429,98;429,98;429,98;429,98;429,98;430,19;5160
22;220;33,33;33,33;33,33;33,33;33,33;33,33;33,33;33,33;33,33;33,33;33,33;33,35;400
22;230;208,71;208,71;208,71;208,71;208,71;208,71;208,71;208,71;208,71;208,71;208,71;208,81;2504,63
22;240;1414,57;1414,57;1414,57;1414,57;1414,57;1414,57;1414,57;1414,57;1414,57;1414,57;1414,57;1415,26;16975,63
22;250;3454,13;3454,13;3454,13;3454,13;3454,13;3454,13;3454,13;3454,13;3454,13;3454,13;3454,13;3455,82;41451,39
22;260;0;0;0;0;0;0;0;0;0;0;0;0;0
22;270;-1356,62;-1356,62;-1356,62;-1356,62;-1356,62;-1356,62;-1356,62;-1356,62;-1356,62;-1356,62;-1356,62;-1357,27;-16280,06
22;280;-769,28;-769,28;-769,28;-769,28;-769,28;-769,28;-769,28;-769,28;-769,28;-769,28;-769,28;-769,65;-9231,68
22;290;-113,09;-113,09;-113,09;-113,09;-113,09;-113,09;-113,09;-113,09;-113,09;-113,09;-113,09;-113,14;-1357,11
22;300;-102,2;-102,2;-102,2;-102,2;-102,2;-102,2;-102,2;-102,2;-102,2;-102,2;-102,2;-102,25;-1226,42
22;310;-487,36;-487,36;-487,36;-487,36;-487,36;-487,36;-487,36;-487,36;-487,36;-487,36;-487,36;-487,59;-5848,51
22;320;0;0;0;0;0;0;0;0;0;0;0;0;0
22;330;-18,33;-18,33;-18,33;-18,33;-18,33;-18,33;-18,33;-18,33;-18,33;-18,33;-18,33;-18,34;-220
22;340;0;0;0;0;0;0;0;0;0;0;0;0;0
22;350;0;0;0;0;0;0;0;0;0;0;0;0;0
22;360;0;0;0;0;0;0;0;0;0;0;0;0;0
22;370;0;0;0;0;0;0;0;0;0;0;0;0;0
22;374;0;0;0;0;0;0;0;0;0;0;0;0;0
22;376;0;0;0;0;0;0;0;0;0;0;0;0;0
22;380;-2846,88;-2846,88;-2846,88;-2846,88;-2846,88;-2846,88;-2846,88;-2846,88;-2846,88;-2846,88;-2846,88;-2848,24;-34163,78
22;390;607,25;607,25;607,25;607,25;607,25;607,25;607,25;607,25;607,25;607,25;607,25;607,58;7287,61
22;400;3708,82;3708,82;3708,82;3708,82;3708,82;3708,82;3708,82;3708,82;3708,82;3708,82;3708,82;3710,6;44507,6
22;410;1758,35;1758,35;1758,35;1758,35;1758,35;1758,35;1758,35;1758,35;1758,35;1758,35;1758,35;1759,2;21101,07
22;420;6074,42;6074,42;6074,42;6074,42;6074,42;6074,42;6074,42;6074,42;6074,42;6074,42;6074,42;6077,38;72896,28
22;430;0;0;0;0;0;0;0;0;0;0;0;0;0
22;440;0;0;0;0;0;0;0;0;0;0;0;0;0
22;450;4,83;4,83;4,83;4,83;4,83;4,83;4,83;4,83;4,83;4,83;4,83;4,84;58
22;455;0;0;0;0;0;0;0;0;0;0;0;0;0
22;460;0;0;0;0;0;0;0;0;0;0;0;0;0
22;470;0;0;0;0;0;0;0;0;0;0;0;0;0
22;480;0;0;0;0;0;0;0;0;0;0;0;0;0
22;490;2,25;2,25;2,25;2,25;2,25;2,25;2,25;2,25;2,25;2,25;2,25;2,25;27
22;500;0,67;0,67;0,67;0,67;0,67;0,67;0,67;0,67;0,67;0,67;0,67;0,67;8
22;510;9761,61;9761,61;9761,61;9761,61;9761,61;9761,61;9761,61;9761,61;9761,61;9761,61;9761,61;9766,3;117144
22;520;0;0;0;0;0;0;0;0;0;0;0;0;0
22;530;0,25;0,25;0,25;0,25;0,25;0,25;0,25;0,25;0,25;0,25;0,25;0,25;3
22;540;0;0;0;0;0;0;0;0;0;0;0;0;0
22;550;-69570,14;-69570,14;-69570,14;-69570,14;-69570,14;-69570,14;-69570,14;-69570,14;-69570,14;-69570,14;-69570,14;-69603,53;-834875
22;560;0;0;0;0;0;0;0;0;0;0;0;0;0
23;40;0;0;0;0;0;0;0;0;0;0;0;0;0
23;120;0;0;0;0;0;0;0;0;0;0;0;0;0
23;130;0;0;0;0;0;0;0;0;0;0;0;0;0
23;190;0;0;0;0;0;0;0;0;0;0;0;0;0
23;240;0;0;0;0;0;0;0;0;0;0;0;0;0
23;250;0;0;0;0;0;0;0;0;0;0;0;0;0
23;380;0;0;0;0;0;0;0;0;0;0;0;0;0
23;390;0;0;0;0;0;0;0;0;0;0;0;0;0
23;400;0;0;0;0;0;0;0;0;0;0;0;0;0
23;410;0;0;0;0;0;0;0;0;0;0;0;0;0
23;420;0;0;0;0;0;0;0;0;0;0;0;0;0
23;550;0;0;0;0;0;0;0;0;0;0;0;0;0
24;10;-51931,79;-51931,79;-51931,79;-51931,79;-51931,79;-51931,79;-51931,79;-51931,79;-51931,79;-51931,79;-51931,79;-51956,72;-623206,38
24;20;0;0;0;0;0;0;0;0;0;0;0;0;0
24;30;-51931,79;-51931,79;-51931,79;-51931,79;-51931,79;-51931,79;-51931,79;-51931,79;-51931,79;-51931,79;-51931,79;-51956,72;-623206,38
24;40;48815,88;48815,88;48815,88;48815,88;48815,88;48815,88;48815,88;48815,88;48815,88;48815,88;48815,88;48839,31;585814
24;50;0;0;0;0;0;0;0;0;0;0;0;0;0
24;60;333,32;333,32;333,32;333,32;333,32;333,32;333,32;333,32;333,32;333,32;333,32;333,48;4000
24;70;0;0;0;0;0;0;0;0;0;0;0;0;0
24;80;49149,2;49149,2;49149,2;49149,2;49149,2;49149,2;49149,2;49149,2;49149,2;49149,2;49149,2;49172,79;589814
24;90;-2782,59;-2782,59;-2782,59;-2782,59;-2782,59;-2782,59;-2782,59;-2782,59;-2782,59;-2782,59;-2782,59;-2783,93;-33392,38
24;110;2,33;2,33;2,33;2,33;2,33;2,33;2,33;2,33;2,33;2,33;2,33;2,33;28
24;120;3,33;3,33;3,33;3,33;3,33;3,33;3,33;3,33;3,33;3,33;3,33;3,33;40
24;130;15;15;15;15;15;15;15;15;15;15;15;15;15
24;140;212531,79;212531,79;212531,79;212531,79;212531,79;212531,79;212531,79;212531,79;212531,79;212531,79;212531,79;212531,79;212531,79
24;150;0;0;0;0;0;0;0;0;0;0;0;0;0
25;10;-60685,45;-60685,45;-60685,45;-60685,45;-60685,45;-60685,45;-60685,45;-60685,45;-60685,45;-60685,45;-60685,45;-60714,58;-728254,5
25;20;0;0;0;0;0;0;0;0;0;0;0;0;0
25;30;-10709,2;-10709,2;-10709,2;-10709,2;-10709,2;-10709,2;-10709,2;-10709,2;-10709,2;-10709,2;-10709,2;-10714,34;-128515,5
25;40;-9281,3;-9281,3;-9281,3;-9281,3;-9281,3;-9281,3;-9281,3;-9281,3;-9281,3;-9281,3;-9281,3;-9285,76;-111380,1
25;50;-80675,95;-80675,95;-80675,95;-80675,95;-80675,95;-80675,95;-80675,95;-80675,95;-80675,95;-80675,95;-80675,95;-80714,68;-968150,1
25;60;62534,57;62534,57;62534,57;62534,57;62534,57;62534,57;62534,57;62534,57;62534,57;62534,57;62534,57;62564,59;750444,84
25;70;0;0;0;0;0;0;0;0;0;0;0;0;0
25;80;356,97;356,97;356,97;356,97;356,97;356,97;356,97;356,97;356,97;356,97;356,97;357,14;4283,85
25;90;713,95;713,95;713,95;713,95;713,95;713,95;713,95;713,95;713,95;713,95;713,95;714,29;8567,7
25;100;699,97;699,97;699,97;699,97;699,97;699,97;699,97;699,97;699,97;699,97;699,97;700,31;8400
25;120;599,98;599,98;599,98;599,98;599,98;599,98;599,98;599,98;599,98;599,98;599,98;600,26;7200
25;130;14635,9;14635,9;14635,9;14635,9;14635,9;14635,9;14635,9;14635,9;14635,9;14635,9;14635,9;14642,93;175637,85
25;140;79541,34;79541,34;79541,34;79541,34;79541,34;79541,34;79541,34;79541,34;79541,34;79541,34;79541,34;79579,52;954534,24
25;150;-1134,61;-1134,61;-1134,61;-1134,61;-1134,61;-1134,61;-1134,61;-1134,61;-1134,61;-1134,61;-1134,61;-1135,16;-13615,86
25;160;1701,1;1701,1;1701,1;1701,1;1701,1;1701,1;1701,1;1701,1;1701,1;1701,1;1701,1;1701,92;20414
25;170;356,97;356,97;356,97;356,97;356,97;356,97;356,97;356,97;356,97;356,97;356,97;357,14;4283,85
25;180;514,04;514,04;514,04;514,04;514,04;514,04;514,04;514,04;514,04;514,04;514,04;514,29;6168,74
25;190;41,67;41,67;41,67;41,67;41,67;41,67;41,67;41,67;41,67;41,67;41,67;41,69;500
25;200;249,99;249,99;249,99;249,99;249,99;249,99;249,99;249,99;249,99;249,99;249,99;250,11;3000
25;210;2863,77;2863,77;2863,77;2863,77;2863,77;2863,77;2863,77;2863,77;2863,77;2863,77;2863,77;2865,15;34366,59
25;220;2603,73;2603,73;2603,73;2603,73;2603,73;2603,73;2603,73;2603,73;2603,73;2603,73;2603,73;2604,98;31246
25;230;1375,44;1375,44;1375,44;1375,44;1375,44;1375,44;1375,44;1375,44;1375,44;1375,44;1375,44;1376,11;16506
25;240;0;0;0;0;0;0;0;0;0;0;0;0;0
25;250;41,67;41,67;41,67;41,67;41,67;41,67;41,67;41,67;41,67;41,67;41,67;41,69;500
25;260;41,67;41,67;41,67;41,67;41,67;41,67;41,67;41,67;41,67;41,67;41,67;41,69;500
25;270;4062,51;4062,51;4062,51;4062,51;4062,51;4062,51;4062,51;4062,51;4062,51;4062,51;4062,51;4064,47;48752
25;280;5791,67;5791,67;5791,67;5791,67;5791,67;5791,67;5791,67;5791,67;5791,67;5791,67;5791,67;5794,46;69502,73
25;290;0;0;0;0;0;0;0;0;0;0;0;0;0
25;300;-100;-100;-100;-100;-100;-100;-100;-100;-100;-100;-100;-100,04;-1200
25;310;-713,95;-713,95;-713,95;-713,95;-713,95;-713,95;-713,95;-713,95;-713,95;-713,95;-713,95;-714,29;-8567,7
25;320;-1070,92;-1070,92;-1070,92;-1070,92;-1070,92;-1070,92;-1070,92;-1070,92;-1070,92;-1070,92;-1070,92;-1071,43;-12851,55
25;330;-153,98;-153,98;-153,98;-153,98;-153,98;-153,98;-153,98;-153,98;-153,98;-153,98;-153,98;-154,06;-1847,87
25;340;-895,44;-895,44;-895,44;-895,44;-895,44;-895,44;-895,44;-895,44;-895,44;-895,44;-895,44;-895,87;-10745,67
25;350;0;0;0;0;0;0;0;0;0;0;0;0;0
25;360;0;0;0;0;0;0;0;0;0;0;0;0;0
25;370;-149,99;-149,99;-149,99;-149,99;-149,99;-149,99;-149,99;-149,99;-149,99;-149,99;-149,99;-150,07;-1800
25;380;0;0;0;0;0;0;0;0;0;0;0;0;0
25;390;0;0;0;0;0;0;0;0;0;0;0;0;0
25;400;0;0;0;0;0;0;0;0;0;0;0;0;0
25;404;0;0;0;0;0;0;0;0;0;0;0;0;0
25;406;0;0;0;0;0;0;0;0;0;0;0;0;0
25;410;-3084,28;-3084,28;-3084,28;-3084,28;-3084,28;-3084,28;-3084,28;-3084,28;-3084,28;-3084,28;-3084,28;-3085,76;-37012,79
25;420;2707,39;2707,39;2707,39;2707,39;2707,39;2707,39;2707,39;2707,39;2707,39;2707,39;2707,39;2708,7;32489,94
25;430;7417,64;7417,64;7417,64;7417,64;7417,64;7417,64;7417,64;7417,64;7417,64;7417,64;7417,64;7421,2;89015,2
25;440;3516,7;3516,7;3516,7;3516,7;3516,7;3516,7;3516,7;3516,7;3516,7;3516,7;3516,7;3518,4;42202,14
25;450;13641,73;13641,73;13641,73;13641,73;13641,73;13641,73;13641,73;13641,73;13641,73;13641,73;13641,73;13648,3;163707,28
25;460;0;0;0;0;0;0;0;0;0;0;0;0;0
25;470;0;0;0;0;0;0;0;0;0;0;0;0;0
25;480;5;5;5;5;5;5;5;5;5;5;5;5;60
25;485;0;0;0;0;0;0;0;0;0;0;0;0;0
25;490;0;0;0;0;0;0;0;0;0;0;0;0;0
25;500;0;0;0;0;0;0;0;0;0;0;0;0;0
25;510;0;0;0;0;0;0;0;0;0;0;0;0;0
25;520;0;0;0;0;0;0;0;0;0;0;0;0;0
25;530;3,42;3,42;3,42;3,42;3,42;3,42;3,42;3,42;3,42;3,42;3,42;3,42;41
25;540;1,17;1,17;1,17;1,17;1,17;1,17;1,17;1,17;1,17;1,17;1,17;1,17;14
25;550;0;0;0;0;0;0;0;0;0;0;0;0;0
25;560;0,25;0,25;0,25;0,25;0,25;0,25;0,25;0,25;0,25;0,25;0,25;0,25;3
25;570;0;0;0;0;0;0;0;0;0;0;0;0;0
25;580;0;0;0;0;0;0;0;0;0;0;0;0;0
25;590;-71394,65;-71394,65;-71394,65;-71394,65;-71394,65;-71394,65;-71394,65;-71394,65;-71394,65;-71394,65;-71394,65;-71428,92;-856770
25;600;0;0;0;0;0;0;0;0;0;0;0;0;0
26;30;0;0;0;0;0;0;0;0;0;0;0;0;0
26;120;0;0;0;0;0;0;0;0;0;0;0;0;0
26;130;0;0;0;0;0;0;0;0;0;0;0;0;0
26;190;0;0;0;0;0;0;0;0;0;0;0;0;0
26;230;0;0;0;0;0;0;0;0;0;0;0;0;0
26;240;0;0;0;0;0;0;0;0;0;0;0;0;0
26;320;0;0;0;0;0;0;0;0;0;0;0;0;0
26;330;0;0;0;0;0;0;0;0;0;0;0;0;0
26;340;0;0;0;0;0;0;0;0;0;0;0;0;0
26;350;0;0;0;0;0;0;0;0;0;0;0;0;0
26;360;0;0;0;0;0;0;0;0;0;0;0;0;0
27;30;0;0;0;0;0;0;0;0;0;0;0;0;0
27;130;0;0;0;0;0;0;0;0;0;0;0;0;0
27;140;0;0;0;0;0;0;0;0;0;0;0;0;0
27;200;0;0;0;0;0;0;0;0;0;0;0;0;0
27;250;0;0;0;0;0;0;0;0;0;0;0;0;0
27;260;0;0;0;0;0;0;0;0;0;0;0;0;0
27;320;0;0;0;0;0;0;0;0;0;0;0;0;0
27;330;0;0;0;0;0;0;0;0;0;0;0;0;0
27;340;0;0;0;0;0;0;0;0;0;0;0;0;0
27;350;0;0;0;0;0;0;0;0;0;0;0;0;0
27;360;0;0;0;0;0;0;0;0;0;0;0;0;0
28;30;0;0;0;0;0;0;0;0;0;0;0;0;0
28;80;0;0;0;0;0;0;0;0;0;0;0;0;0
28;90;0;0;0;0;0;0;0;0;0;0;0;0;0
28;150;0;0;0;0;0;0;0;0;0;0;0;0;0
28;210;0;0;0;0;0;0;0;0;0;0;0;0;0
28;220;0;0;0;0;0;0;0;0;0;0;0;0;0
28;260;0;0;0;0;0;0;0;0;0;0;0;0;0
28;270;0;0;0;0;0;0;0;0;0;0;0;0;0
28;280;0;0;0;0;0;0;0;0;0;0;0;0;0
28;290;0;0;0;0;0;0;0;0;0;0;0;0;0
29;10;3419,45;3419,45;3419,45;3419,45;3419,45;3419,45;3419,45;3419,45;3419,45;3419,45;3419,45;3421,09;41035
29;20;1060,54;1060,54;1060,54;1060,54;1060,54;1060,54;1060,54;1060,54;1060,54;1060,54;1060,54;1061,05;12727,04
29;30;0;0;0;0;0;0;0;0;0;0;0;0;0
29;40;499,98;499,98;499,98;499,98;499,98;499,98;499,98;499,98;499,98;499,98;499,98;500,22;6000
29;50;779,69;779,69;779,69;779,69;779,69;779,69;779,69;779,69;779,69;779,69;779,69;780,07;9356,7
29;60;2341,07;2341,07;2341,07;2341,07;2341,07;2341,07;2341,07;2341,07;2341,07;2341,07;2341,07;2342,2;28094
29;70;166,66;166,66;166,66;166,66;166,66;166,66;166,66;166,66;166,66;166,66;166,66;166,74;2000
29;80;33,33;33,33;33,33;33,33;33,33;33,33;33,33;33,33;33,33;33,33;33,33;33,35;400
29;90;0;0;0;0;0;0;0;0;0;0;0;0;0
29;100;249,99;249,99;249,99;249,99;249,99;249,99;249,99;249,99;249,99;249,99;249,99;250,11;3000
29;110;0;0;0;0;0;0;0;0;0;0;0;0;0
29;120;0;0;0;0;0;0;0;0;0;0;0;0;0
29;130;70;70;70;70;70;70;70;70;70;70;70;70,03;840
29;140;171,04;171,04;171,04;171,04;171,04;171,04;171,04;171,04;171,04;171,04;171,04;171,13;2052,61
29;150;0;0;0;0;0;0;0;0;0;0;0;0;0
29;160;8791,75;8791,75;8791,75;8791,75;8791,75;8791,75;8791,75;8791,75;8791,75;8791,75;8791,75;8795,99;105505,35
29;180;0;0;0;0;0;0;0;0;0;0;0;0;0
29;200;0;0;0;0;0;0;0;0;0;0;0;0;0
29;220;-281780,11;-281780,11;-281780,11;-281780,11;-281780,11;-281780,11;-281780,11;-281780,11;-281780,11;-281780,11;-281780,11;-281915,36;-3381496,38
29;240;36641,98;36641,98;36641,98;36641,98;36641,98;36641,98;36641,98;36641,98;36641,98;36641,98;36641,98;36659,61;439721,41
29;260;4,25;4,25;4,25;4,25;4,25;4,25;4,25;4,25;4,25;4,25;4,25;4,25;4,25
29;280;795646;795646;795646;795646;795646;795646;795646;795646;795646;795646;795646;795646;795646
29;300;27335,84;27335,84;27335,84;27335,84;27335,84;27335,84;27335,84;27335,84;27335,84;27335,84;27335,84;27348,99;328043,36
29;320;0;0;0;0;0;0;0;0;0;0;0;0;0
30;20;3715,19;3715,19;3715,19;3715,19;3715,19;3715,19;3715,19;3715,19;3715,19;3715,19;3715,19;3716,94;44583,95
30;30;0;0;0;0;0;0;0;0;0;0;0;0;0
30;40;-159,87;-159,87;-159,87;-159,87;-159,87;-159,87;-159,87;-159,87;-159,87;-159,87;-159,87;-159,95;-1918,59
30;50;-3364,67;-3364,67;-3364,67;-3364,67;-3364,67;-3364,67;-3364,67;-3364,67;-3364,67;-3364,67;-3364,67;-3366,28;-40377,63
30;60;-4596,6;-4596,6;-4596,6;-4596,6;-4596,6;-4596,6;-4596,6;-4596,6;-4596,6;-4596,6;-4596,6;-4598,8;-55161,56
30;70;-4346,99;-4346,99;-4346,99;-4346,99;-4346,99;-4346,99;-4346,99;-4346,99;-4346,99;-4346,99;-4346,99;-4349,1;-52166,25
30;80;-1806,41;-1806,41;-1806,41;-1806,41;-1806,41;-1806,41;-1806,41;-1806,41;-1806,41;-1806,41;-1806,41;-1807,28;-21677,86
30;90;-13744,79;-13744,79;-13744,79;-13744,79;-13744,79;-13744,79;-13744,79;-13744,79;-13744,79;-13744,79;-13744,79;-13751,36;-164943,99
30;100;-13068,59;-13068,59;-13068,59;-13068,59;-13068,59;-13068,59;-13068,59;-13068,59;-13068,59;-13068,59;-13068,59;-13074,86;-156829,44
30;110;-37372,73;-37372,73;-37372,73;-37372,73;-37372,73;-37372,73;-37372,73;-37372,73;-37372,73;-37372,73;-37372,73;-37390,69;-448491,37
30;120;20454,85;20454,85;20454,85;20454,85;20454,85;20454,85;20454,85;20454,85;20454,85;20454,85;20454,85;20464,67;245468,07
30;130;26414,59;26414,59;26414,59;26414,59;26414,59;26414,59;26414,59;26414,59;26414,59;26414,59;26414,59;26427,28;316987,75
30;140;9000,71;9000,71;9000,71;9000,71;9000,71;9000,71;9000,71;9000,71;9000,71;9000,71;9000,71;9005,03;108012,74
30;150;297,91;297,91;297,91;297,91;297,91;297,91;297,91;297,91;297,91;297,91;297,91;298,05;3575
30;160;18795,33;18795,33;18795,33;18795,33;18795,33;18795,33;18795,33;18795,33;18795,33;18795,33;18795,33;18804,34;225552,19
30;200;-524,53;-524,53;-524,53;-524,53;-524,53;-524,53;-524,53;-524,53;-524,53;-524,53;-524,53;-524,81;-6294,86
30;210;607,25;607,25;607,25;607,25;607,25;607,25;607,25;607,25;607,25;607,25;607,25;607,58;7287,61
30;220;0;0;0;0;0;0;0;0;0;0;0;0;0
30;230;-2782,59;-2782,59;-2782,59;-2782,59;-2782,59;-2782,59;-2782,59;-2782,59;-2782,59;-2782,59;-2782,59;-2783,93;-33392,38
30;240;2707,39;2707,39;2707,39;2707,39;2707,39;2707,39;2707,39;2707,39;2707,39;2707,39;2707,39;2708,7;32489,94
30;250;0;0;0;0;0;0;0;0;0;0;0;0;0
30;260;0;0;0;0;0;0;0;0;0;0;0;0;0
30;270;0;0;0;0;0;0;0;0;0;0;0;0;0
30;280;0;0;0;0;0;0;0;0;0;0;0;0;0
30;290;7,52;7,52;7,52;7,52;7,52;7,52;7,52;7,52;7,52;7,52;7,52;7,54;90,31
30;300;18544,09;18544,09;18544,09;18544,09;18544,09;18544,09;18544,09;18544,09;18544,09;18544,09;18544,09;18553;222538,01
30;310;8791,75;8791,75;8791,75;8791,75;8791,75;8791,75;8791,75;8791,75;8791,75;8791,75;8791,75;8795,99;105505,35
30;320;9000,71;9000,71;9000,71;9000,71;9000,71;9000,71;9000,71;9000,71;9000,71;9000,71;9000,71;9005,03;108012,74
30;330;297,91;297,91;297,91;297,91;297,91;297,91;297,91;297,91;297,91;297,91;297,91;298,05;3575
30;340;36641,98;36641,98;36641,98;36641,98;36641,98;36641,98;36641,98;36641,98;36641,98;36641,98;36641,98;36659,61;439721,41
30;370;18795,33;18795,33;18795,33;18795,33;18795,33;18795,33;18795,33;18795,33;18795,33;18795,33;18795,33;18804,34;225552,19
30;380;36641,98;36641,98;36641,98;36641,98;36641,98;36641,98;36641,98;36641,98;36641,98;36641,98;36641,98;36659,61;439721,41
30;390;55437,29;55437,29;55437,29;55437,29;55437,29;55437,29;55437,29;55437,29;55437,29;55437,29;55437,29;55463,94;665273,6
30;410;-822045,95;-822045,95;-822045,95;-822045,95;-822045,95;-822045,95;-822045,95;-822045,95;-822045,95;-822045,95;-822045,95;-822440,53;-9864945,88
30;420;-281780,11;-281780,11;-281780,11;-281780,11;-281780,11;-281780,11;-281780,11;-281780,11;-281780,11;-281780,11;-281780,11;-281915,36;-3381496,38
30;430;-1103826,06;-1103826,06;-1103826,06;-1103826,06;-1103826,06;-1103826,06;-1103826,06;-1103826,06;-1103826,06;-1103826,06;-1103826,06;-1104355,89;-13246442,26
31;10;-238,05;-238,05;-238,05;-238,05;-238,05;-238,05;-238,05;-238,05;-238,05;-238,05;-238,05;-238,17;-2856,74
31;20;0;0;0;0;0;0;0;0;0;0;0;0;0
31;30;0;0;0;0;0;0;0;0;0;0;0;0;0
31;40;-238,05;-238,05;-238,05;-238,05;-238,05;-238,05;-238,05;-238,05;-238,05;-238,05;-238,05;-238,17;-2856,74
31;60;1666,6;1666,6;1666,6;1666,6;1666,6;1666,6;1666,6;1666,6;1666,6;1666,6;1666,6;1667,4;20000
31;70;5019,8;5019,8;5019,8;5019,8;5019,8;5019,8;5019,8;5019,8;5019,8;5019,8;5019,8;5022,21;60240
31;80;239,99;239,99;239,99;239,99;239,99;239,99;239,99;239,99;239,99;239,99;239,99;240,11;2880
31;90;9617,78;9617,78;9617,78;9617,78;9617,78;9617,78;9617,78;9617,78;9617,78;9617,78;9617,78;9622,4;115418
31;100;544,63;544,63;544,63;544,63;544,63;544,63;544,63;544,63;544,63;544,63;544,63;544,89;6535,78
31;110;1150,66;1150,66;1150,66;1150,66;1150,66;1150,66;1150,66;1150,66;1150,66;1150,66;1150,66;1151,21;13808,44
31;120;18239,46;18239,46;18239,46;18239,46;18239,46;18239,46;18239,46;18239,46;18239,46;18239,46;18239,46;18248,22;218882,22
31;140;18001,41;18001,41;18001,41;18001,41;18001,41;18001,41;18001,41;18001,41;18001,41;18001,41;18001,41;18010,05;216025,48
