1;260;0;53;54;55;53;54;54;54;54;51;50;50;49;49;47;40;40;40;40;36,5;36;35;35;35;0
1;280;0;427810,83;448471,22;504631,12;577939,57;604277,86;630331,05;37347,71;70159,17;106263,98;147947,07;196293,62;229762,08;265343,31;290378,99;363782,31;382848,69;398513,3;419403,58;30336,81;68716,45;102548,34;132242,75;153457,46;0
3;430;0;124;121;118;116;114;116;137;138;139;139;128;120;115;110;108;105;102;99;57;51;45;38;35;0
3;440;0;1433969,43;1436780,65;1425748,33;1428981,66;1430047,04;1468471,32;1882912,03;1854151,07;1857776,7;1842783,72;1704030,33;1578070,21;1508652,54;1447091,61;1407441,04;1366735,75;1325174,35;1287434,94;714558,95;652222,92;582151,85;505880,15;461328,21;0
3;540;0;45;49;44;46;49;54;222;218;201;167;111;115;119;124;130;371;144;148;87;85;77;60;61;0
4;460;0;0;0;0;0;0;0;0;0;0;0;0;0;0;0;0;0;0;0;0;0;0;0;0;0
4;470;0;0;0;0;0;0;0;0;0;0;0;0;0;0;0;0;0;0;0;0;0;0;0;0;0
5;370;0;61;61;60;59;58;62;85;84;83;80;75;71;43;64;62;60;58;56;41;40;48;52;57;0
5;380;0;376206,89;377411,55;374674,8;371677,92;367807,75;391469,73;565360,53;556298,44;558983,48;542786,08;509090,54;484964,2;457305,53;438712,17;423291,69;418005,69;412785,47;406427,3;349977,14;354158,35;398388,65;427011,56;485367,52;0
5;440;0;88;95;100;107;114;131;155;268;362;265;196;216;226;248;266;223;230;231;1140;47;46;48;52;0
6;370;0;9;10;10;10;11;11;9;9;9;9;8;8;8;8;8;8;8;8;7;8;8;7;7;0
6;380;0;50105,87;52634,95;53600,67;57967,37;60344,89;60918,56;50666,84;51242,57;54104,63;54445,63;54663,16;53360,54;52431,08;51734,54;51163,22;50687,23;51299,6;51231,77;43023,6;45394,29;46660;43228,93;41170,29;0
6;440;0;83;84;86;75;81;83;72;60;67;83;83;107;107;139;154;142;158;152;58;36;51;53;63;0
7;440;0;5;5;6;6;7;8;15;18;16;14;11;10;9;9;8;8;9;9;4;3;3;5;5;0
7;450;0;17;16;15;14;13;12;6;8;7;5;8;9;9;9;8;8;9;9;7;8;12;13;14;0
7;460;0;79;82;80;77;77;83;83;79;80;78;79;79;82;84;85;86;86;87;83;73;74;76;76;0
7;470;0;0;0;0;0;0;0;0;0;0;0;0;0;0;0;0;0;0;0;0;0;0;0;0;0
8;300;0;350238,72;350696,39;351667,89;353825,95;353693,4;348647,17;289902,52;296747,83;294382,94;297139,25;299519,14;300633,45;302129,36;305094,43;306708,8;309602,38;310295,96;311699,58;329991,85;331097,97;338731,87;345303,4;348582,2;0
8;310;0;605291,4;605122,69;605656,45;608582,57;607548,26;597445,55;503505,24;513269,77;509716,81;514436,46;518665,88;520071,24;521075,06;528780,66;532498,57;538756,45;539522,57;541923,47;571690,3;571701,31;581248,06;598227,83;607141,7;0
8;320;0;3,56;3,43;3,35;3,37;3,36;3,32;5,03;4,66;4,2;4,07;4,01;3,85;3,9;3,71;3,72;3,76;3,78;3,78;3,41;3,34;3,11;3,02;2,89;0
12;430;0;0;0;0;0;0;0;0;0;0;0;0;0;0;0;0;0;0;0;0;0;0;0;0;0
12;440;0;0;0;0;0;0;0;0;0;0;0;0;0;0;0;0;0;0;0;0;0;0;0;0;0
12;540;0;0;0;0;0;0;0;0;0;0;0;0;0;0;0;0;0;0;0;0;0;0;0;0;0
13;440;0;7;6;5;5;5;4;0;2;1;1;1;1;2;0;2;0;0;0;0;0;0;0;0;0
13;450;0;11;11;11;12;12;12;19;19;17;13;14;15;14;14;14;0;0;0;0;0;0;0;0;0
13;460;0;69;71;71;72;73;73;64;66;64;64;71;70;78;70;69;0;0;0;0;0;0;0;0;0
13;470;0;0;0;0;0;0;0;0;0;0;0;0;0;0;0;0;0;0;0;0;0;0;0;0;0
14;430;0;42;44;44;46;47;48;47;43;40;38;37;38;41;43;45;47;47;48;54;54;51;49;46;0
14;440;0;820655,3;855972,98;878470,85;910491,4;930059,57;958245,82;980857,7;898235,65;844364,12;798230;796939,58;808022,55;856391,41;889909,93;924514,56;956656,9;972932,7;977151,92;1026516,16;1026516,16;961051,53;918182,87;877220,76;0
14;540;0;62;72;75;75;79;87;10;125;123;136;136;190;206;245;278;307;310;303;0;3242;1006;744;640;0
15;130;0;19;18;18;17;18;17;15;18;17;17;17;17;16;16;16;15;14;14;12;12;11;10;10;0
15;140;0;287903,08;279004,01;276860,98;272355,19;275790,1;273999,54;263002,43;294100,22;278953,72;276930,23;277397,46;276072,49;269222,87;262940,28;258053,81;246514,93;236052;227739,64;183396,76;179942,41;162537,09;149306,84;141424,25;0
21;430;0;144;147;146;143;144;147;153;136;132;125;117;112;109;108;107;105;103;100;62;58;54;49;45;0
21;440;0;1660314,89;1701868,03;1690572,63;1676328,82;1698381,31;1739472,97;1929340,29;1703559,01;1659664,32;1587452,32;1504987,93;1437779,83;1406901,83;1392320,84;1386985,54;1359605,51;1325955,97;1300866,39;849582,29;804061,43;752062,18;689103,16;639023,6;0
21;540;0;92;101;100;101;105;115;22;115;119;114;124;130;137;148;159;171;181;192;1763;376;385;325;267;0
22;430;0;19;19;19;19;19;19;22;20;18;20;21;24;25;25;24;24;23;22;12;13;12;11;11;0
22;440;0;279750,82;281644,14;288671,14;290978,7;285118,98;289640,28;346416,08;309540,35;282541,55;319199,78;332669,64;386368,63;395985,89;399166,25;394702,93;385738,99;378698,31;367843,94;188225,32;203207;190086,75;186913,51;192343,35;0
22;540;0;68;73;77;77;78;81;168;116;100;115;99;127;90;100;112;112;118;120;70;96;109;123;159;0
23;430;0;0;0;0;0;0;0;0;0;0;0;0;0;0;0;0;0;0;0;0;0;0;0;0;0
23;440;0;0;0;0;0;0;0;0;0;0;0;0;0;0;0;0;0;0;0;0;0;0;0;0;0
23;540;0;0;0;0;0;0;0;0;0;0;0;0;0;0;0;0;0;0;0;0;0;0;0;0;0
24;130;0;30;30;31;30;30;30;23;27;29;30;30;31;31;30;30;30;29;29;19;18;17;16;16;0
24;140;0;366795,47;376691,82;384343,25;383160,73;383668,91;382834,62;312096,3;358415,55;393856,29;414175,86;412106,68;422985,41;425265;427652,38;429736,84;421806,3;418853,92;410894,79;274047,19;260761,87;240906,77;227818,94;219966,24;0
25;460;0;72;71;69;67;66;67;89;86;83;86;89;90;93;95;95;96;95;95;88;85;80;75;71;0
25;470;0;1194464,09;1188382,82;1156102,87;1119586,28;1102150,42;1111995,32;1420443,7;1363847,35;1330816,78;1356195,02;1385133,12;1389680,93;1439289,69;1463850,7;1469451,66;1475054,44;1461944,88;1448438,31;1322495,96;1259709,85;1184890,99;1113123,18;1055610,58;0
26;370;0;9;10;11;12;12;12;14;15;16;15;14;241;13;12;11;11;11;11;8;8;8;8;8;0
26;380;0;57927,4;166981,56;63823,13;71669,64;76014,93;80087,62;125516,74;129055,05;134385,65;120890,43;106265,15;13;97572,56;85147,91;81794,84;79386,32;78459,61;78020,69;69280,99;66263,36;71838,43;79982,53;84868,99;0
26;440;0;24;72;28;32;33;36;13;73;94;54;50;97572,56;51;47;47;51;55;59;0;0;0;0;0;0
27;370;0;6;6;6;7;7;7;5;7;8;9;10;51;11;11;11;11;11;11;7;7;7;8;8;0
27;380;0;36019,1;39655,94;40586,24;46357,17;48805,12;48551,43;39481,61;56675,76;65864,67;72376,74;73606,58;10;82076,89;83841,22;84447,18;83329,16;82717,08;81919,65;56365,52;56365,52;61648,85;67168,81;69452,98;0
27;440;0;29;35;37;45;46;46;51;89;155;195;135;79681,36;141;163;171;187;204;214;180;359;589;856;726;0
28;300;0;238648,73;239740;240569,89;243040,61;243816,86;239587,63;193667,29;190133,11;188501,17;194731,33;199667,13;202287,84;208680,74;211711,92;211597;210773,8;208609,57;206544,21;171956,28;167879,63;159674,25;144400,33;132033,6;0
28;310;0;415840,62;417592,84;418574,65;422759,49;423945,18;415479,1;336658,56;329340,39;326920,68;336368,47;344852,96;348898,54;359364,62;366755,98;368618,37;368848,76;335776,71;363724,87;311120,83;303577,91;288664,89;260774,68;238428,88;0
28;320;0;2,44;2,32;2,31;2,3;2,29;2,29;3,01;3;2,78;2,76;2,69;2,54;2,56;2,38;2,26;2,06;1,91;1,77;0,46;0,43;0,62;1,04;1,07;0
