1;160;17;1;10;1;"+";1;20;1;"+";1;40;1;"+";1;50;1;"+";1;60;1;"+";1;70;1;"+";1;80;1;"+";1;80;0;"+";1;90;1;"+";1;100;1;"+";1;110;1;"+";1;120;1;"+";1;140;1;"+";1;150;1;"+";1;150;0;"+";1;30;1;"+";1;130;1;"+";
1;220;9;3;550;1;"+";4;590;1;"+";5;30;1;"+";6;30;1;"+";7;510;1;"+";8;10;1;"+";12;550;1;"+";15;10;1;"+";14;550;1;"+";
1;240;1;30;160;1;"+";
1;300;2;1;160;1;"+";2;110;1;"+";
2;110;11;2;10;1;"+";2;20;1;"+";2;30;1;"+";2;40;1;"+";2;50;1;"+";2;70;1;"+";2;80;1;"+";2;90;1;"+";2;100;1;"+";2;100;0;"+";2;60;1;"+";
3;40;3;3;10;1;"+";3;20;1;"+";3;30;1;"+";
3;120;9;3;50;1;"+";3;60;1;"+";3;70;1;"+";3;80;1;"+";3;110;1;"+";3;110;0;"+";3;110;0;"+";3;100;0;"+";3;100;1;"+";
3;130;2;3;40;1;"+";3;120;1;"+";
3;190;6;3;140;1;"+";3;150;1;"+";3;160;1;"+";3;170;1;"+";3;180;1;"+";3;180;0;"+";
3;240;4;3;200;1;"+";3;210;1;"+";3;230;1;"+";3;220;1;"+";
3;250;3;3;130;1;"+";3;190;1;"+";3;240;1;"+";
3;380;14;3;260;1;"+";3;270;1;"+";3;280;1;"+";3;290;1;"+";3;300;1;"+";3;310;1;"+";3;320;1;"+";3;330;1;"+";3;340;1;"+";3;350;1;"+";3;360;1;"+";3;370;1;"+";3;374;1;"+";3;376;1;"+";
3;390;2;3;250;1;"+";3;380;1;"+";
3;400;1;2;110;0,2;"+";
3;410;1;1;160;0,2;"+";
3;420;3;3;390;1;"+";3;410;1;"+";3;400;1;"+";
3;550;2;3;10;1;"+";3;20;1;"+";
4;50;4;4;10;1;"+";4;30;1;"+";4;40;1;"+";4;20;1;"+";
4;140;10;4;60;1;"+";4;80;1;"+";4;90;1;"+";4;100;1;"+";4;130;1;"+";4;130;0;"+";4;130;0;"+";4;70;1;"+";4;120;0;"+";4;120;1;"+";
4;150;2;4;50;1;"+";4;140;1;"+";
4;210;6;4;160;1;"+";4;170;1;"+";4;180;1;"+";4;190;1;"+";4;200;1;"+";4;200;0;"+";
4;270;5;4;220;1;"+";4;230;1;"+";4;260;1;"+";4;250;1;"+";4;240;1;"+";
4;280;3;4;150;1;"+";4;210;1;"+";4;270;1;"+";
4;410;14;4;290;1;"+";4;300;1;"+";4;310;1;"+";4;320;1;"+";4;330;1;"+";4;340;1;"+";4;350;1;"+";4;360;1;"+";4;370;1;"+";4;380;1;"+";4;390;1;"+";4;400;1;"+";4;404;1;"+";4;406;1;"+";
4;420;2;4;280;1;"+";4;410;1;"+";
4;430;1;2;110;0,1;"+";
4;440;1;1;160;0,1;"+";
4;450;3;4;420;1;"+";4;440;1;"+";4;430;1;"+";
4;590;3;4;10;1;"+";4;30;1;"+";4;20;1;"+";
5;30;2;5;10;1;"+";5;20;1;"+";
5;120;8;5;40;1;"+";5;50;1;"+";5;70;1;"+";5;80;1;"+";5;90;1;"+";5;100;1;"+";5;110;1;"+";5;60;1;"+";
5;130;2;5;30;1;"+";5;120;1;"+";
5;190;6;5;140;1;"+";5;150;1;"+";5;150;0;"+";5;160;1;"+";5;170;1;"+";5;180;1;"+";
5;230;3;5;200;1;"+";5;210;1;"+";5;220;1;"+";
5;240;3;5;130;1;"+";5;190;1;"+";5;230;1;"+";
5;320;8;5;270;1;"+";5;280;1;"+";5;280;0;"+";5;250;1;"+";5;290;1;"+";5;260;1;"+";5;300;1;"+";5;310;1;"+";
5;330;2;5;240;1;"+";5;320;1;"+";
5;340;1;2;110;0,1;"+";
5;350;1;1;160;0,1;"+";
5;360;3;5;330;1;"+";5;340;1;"+";5;350;1;"+";
6;30;2;6;10;1;"+";6;20;1;"+";
6;130;11;6;40;1;"+";6;40;0;"+";6;60;1;"+";6;70;1;"+";6;90;1;"+";6;100;1;"+";6;100;0;"+";6;50;1;"+";6;80;1;"+";6;110;1;"+";6;120;1;"+";
6;140;2;6;30;1;"+";6;130;1;"+";
6;200;7;6;150;1;"+";6;160;1;"+";6;160;0;"+";6;180;1;"+";6;180;0;"+";6;190;1;"+";6;170;1;"+";
6;250;4;6;210;1;"+";6;220;1;"+";6;240;1;"+";6;230;1;"+";
6;260;3;6;140;1;"+";6;200;1;"+";6;250;1;"+";
6;320;6;6;280;1;"+";6;290;1;"+";6;290;0;"+";6;270;1;"+";6;300;1;"+";6;310;1;"+";
6;330;2;6;260;1;"+";6;320;1;"+";
6;340;1;2;110;0;"+";
6;350;1;1;160;0;"+";
6;360;3;6;330;1;"+";6;340;1;"+";6;350;1;"+";
7;60;5;7;10;1;"+";7;20;1;"+";7;30;1;"+";7;40;1;"+";7;50;1;"+";
7;130;7;7;70;1;"+";7;80;1;"+";7;90;1;"+";7;100;1;"+";7;100;0;"+";7;120;1;"+";7;110;1;"+";
7;140;2;7;60;1;"+";7;130;1;"+";
7;180;3;7;150;1;"+";7;160;1;"+";7;170;1;"+";
7;220;3;7;190;1;"+";7;200;1;"+";7;210;1;"+";
7;230;2;7;180;1;"+";7;220;1;"+";
7;320;8;7;240;1;"+";7;310;1;"+";7;270;1;"+";7;250;1;"+";7;260;1;"+";7;280;1;"+";7;290;1;"+";7;300;1;"+";
7;330;3;7;140;1;"+";7;230;1;"+";7;320;1;"+";
7;380;4;7;340;1;"+";7;350;1;"+";7;360;1;"+";7;370;1;"+";
7;390;2;7;330;1;"+";7;380;1;"+";
7;400;1;2;110;0,2;"+";
7;410;1;1;160;0,2;"+";
7;420;3;7;390;1;"+";7;410;1;"+";7;400;1;"+";
7;510;2;7;60;1;"+";7;180;1;"+";
8;30;2;8;10;1;"+";8;20;1;"+";
8;80;4;8;40;1;"+";8;50;1;"+";8;60;1;"+";8;70;1;"+";
8;90;2;8;30;1;"+";8;80;1;"+";
8;150;5;8;100;1;"+";8;110;1;"+";8;130;1;"+";8;140;1;"+";8;120;1;"+";
8;210;5;8;160;1;"+";8;170;1;"+";8;200;1;"+";8;180;1;"+";8;190;1;"+";
8;220;3;8;90;1;"+";8;150;1;"+";8;210;1;"+";
8;260;4;8;220;1;"+";8;230;1;"+";8;240;1;"+";8;250;1;"+";
8;270;1;2;110;0,2;"+";
8;280;1;1;160;0,2;"+";
8;290;3;8;260;1;"+";8;280;1;"+";8;270;1;"+";
12;40;3;12;10;1;"+";12;20;1;"+";12;30;1;"+";
12;120;9;12;50;1;"+";12;60;1;"+";12;70;1;"+";12;80;1;"+";12;80;0;"+";12;110;1;"+";12;110;0;"+";12;100;0;"+";12;100;1;"+";
12;130;2;12;40;1;"+";12;120;1;"+";
12;190;6;12;140;1;"+";12;150;1;"+";12;160;1;"+";12;170;1;"+";12;180;1;"+";12;180;0;"+";
12;240;4;12;200;1;"+";12;210;1;"+";12;230;1;"+";12;220;1;"+";
12;250;3;12;130;1;"+";12;190;1;"+";12;240;1;"+";
12;380;14;12;260;1;"+";12;270;1;"+";12;280;1;"+";12;290;1;"+";12;300;1;"+";12;310;1;"+";12;320;1;"+";12;330;1;"+";12;340;1;"+";12;350;1;"+";12;360;1;"+";12;370;1;"+";12;374;1;"+";12;376;1;"+";
12;390;2;12;250;1;"+";12;380;1;"+";
12;400;1;2;110;0;"+";
12;410;1;1;160;0;"+";
12;420;3;12;390;1;"+";12;400;1;"+";12;410;1;"+";
12;550;2;12;10;1;"+";12;20;1;"+";
13;60;5;13;10;1;"+";13;20;1;"+";13;30;1;"+";13;40;1;"+";13;50;1;"+";
13;130;7;13;70;1;"+";13;80;1;"+";13;90;1;"+";13;100;1;"+";13;100;0;"+";13;120;1;"+";13;110;1;"+";
13;140;2;13;60;1;"+";13;130;1;"+";
13;180;3;13;150;1;"+";13;160;1;"+";13;170;1;"+";
13;220;3;13;190;1;"+";13;200;1;"+";13;210;1;"+";
13;230;2;13;180;1;"+";13;220;1;"+";
13;320;8;13;240;1;"+";13;310;1;"+";13;270;1;"+";13;250;1;"+";13;260;1;"+";13;280;1;"+";13;290;1;"+";13;300;1;"+";
13;330;3;13;140;1;"+";13;230;1;"+";13;320;1;"+";
13;380;4;13;340;1;"+";13;350;1;"+";13;360;1;"+";13;370;1;"+";
13;390;2;13;330;1;"+";13;380;1;"+";
13;400;1;20;110;0;"+";
13;410;1;29;160;0;"+";
13;420;3;13;390;1;"+";13;400;1;"+";13;410;1;"+";
13;510;2;13;60;1;"+";13;180;1;"+";
14;40;3;14;10;1;"+";14;20;1;"+";14;30;1;"+";
14;120;9;14;50;1;"+";14;60;1;"+";14;70;1;"+";14;80;1;"+";14;110;1;"+";14;110;0;"+";14;110;0;"+";14;100;0;"+";14;100;1;"+";
14;130;2;14;40;1;"+";14;120;1;"+";
14;190;6;14;140;1;"+";14;150;1;"+";14;160;1;"+";14;170;1;"+";14;180;1;"+";14;180;0;"+";
14;240;4;14;200;1;"+";14;210;1;"+";14;230;1;"+";14;220;1;"+";
14;250;3;14;130;1;"+";14;190;1;"+";14;240;1;"+";
14;380;14;14;260;1;"+";14;270;1;"+";14;280;1;"+";14;290;1;"+";14;300;1;"+";14;310;1;"+";14;320;1;"+";14;330;1;"+";14;340;1;"+";14;350;1;"+";14;360;1;"+";14;370;1;"+";14;374;1;"+";14;376;1;"+";
14;390;2;14;250;1;"+";14;380;1;"+";
14;400;1;2;110;0,2;"+";
14;410;1;1;160;0,2;"+";
14;420;3;14;390;1;"+";14;400;1;"+";14;410;1;"+";
14;550;2;14;10;1;"+";14;20;1;"+";
15;30;2;15;10;1;"+";15;20;1;"+";
15;80;4;15;40;1;"+";15;50;1;"+";15;60;1;"+";15;70;1;"+";
15;90;2;15;30;1;"+";15;80;1;"+";
17;140;13;17;10;1;"+";17;20;1;"+";17;30;1;"+";17;40;1;"+";17;50;1;"+";17;60;1;"+";17;70;1;"+";17;100;1;"+";17;110;1;"+";17;120;1;"+";17;130;1;"+";17;80;1;"+";17;90;1;"+";
20;110;11;20;10;1;"+";20;20;1;"+";20;30;1;"+";20;40;1;"+";20;50;1;"+";20;70;1;"+";20;80;1;"+";20;90;1;"+";20;100;1;"+";20;100;0;"+";20;60;1;"+";
21;40;3;21;10;1;"+";21;20;1;"+";21;30;1;"+";
21;120;9;21;50;1;"+";21;60;1;"+";21;70;1;"+";21;80;1;"+";21;110;1;"+";21;110;0;"+";21;110;0;"+";21;100;0;"+";21;100;1;"+";
21;130;2;21;40;1;"+";21;120;1;"+";
21;190;6;21;140;1;"+";21;150;1;"+";21;160;1;"+";21;170;1;"+";21;180;1;"+";21;180;0;"+";
21;240;4;21;200;1;"+";21;210;1;"+";21;230;1;"+";21;220;1;"+";
21;250;3;21;130;1;"+";21;190;1;"+";21;240;1;"+";
21;380;14;21;260;1;"+";21;270;1;"+";21;280;1;"+";21;290;1;"+";21;300;1;"+";21;310;1;"+";21;320;1;"+";21;330;1;"+";21;340;1;"+";21;350;1;"+";21;360;1;"+";21;370;1;"+";21;374;1;"+";21;376;1;"+";
21;390;2;21;250;1;"+";21;380;1;"+";
21;400;1;20;110;0,4;"+";
21;410;1;29;160;0,4;"+";
21;420;3;21;390;1;"+";21;410;1;"+";21;400;1;"+";
21;550;2;21;10;1;"+";21;20;1;"+";
22;40;3;22;10;1;"+";22;20;1;"+";22;30;1;"+";
22;120;9;22;50;1;"+";22;60;1;"+";22;70;1;"+";22;80;1;"+";22;80;0;"+";22;110;1;"+";22;110;0;"+";22;100;0;"+";22;100;1;"+";
22;130;2;22;40;1;"+";22;120;1;"+";
22;190;6;22;140;1;"+";22;150;1;"+";22;160;1;"+";22;170;1;"+";22;180;1;"+";22;180;0;"+";
22;240;4;22;200;1;"+";22;210;1;"+";22;230;1;"+";22;220;1;"+";
22;250;3;22;130;1;"+";22;190;1;"+";22;240;1;"+";
22;380;14;22;260;1;"+";22;270;1;"+";22;280;1;"+";22;290;1;"+";22;300;1;"+";22;310;1;"+";22;320;1;"+";22;330;1;"+";22;340;1;"+";22;350;1;"+";22;360;1;"+";22;370;1;"+";22;374;1;"+";22;376;1;"+";
22;390;2;22;250;1;"+";22;380;1;"+";
22;400;1;20;110;0,2;"+";
22;410;1;29;160;0,2;"+";
22;420;3;22;390;1;"+";22;400;1;"+";22;410;1;"+";
22;550;2;22;10;1;"+";22;20;1;"+";
23;40;3;23;10;1;"+";23;20;1;"+";23;30;1;"+";
23;120;9;23;50;1;"+";23;60;1;"+";23;70;1;"+";23;80;1;"+";23;110;1;"+";23;110;0;"+";23;110;0;"+";23;100;0;"+";23;100;1;"+";
23;130;2;23;40;1;"+";23;120;1;"+";
23;190;6;23;140;1;"+";23;150;1;"+";23;160;1;"+";23;170;1;"+";23;180;1;"+";23;180;0;"+";
23;240;4;23;200;1;"+";23;210;1;"+";23;230;1;"+";23;220;1;"+";
23;250;3;23;130;1;"+";23;190;1;"+";23;240;1;"+";
23;380;14;23;260;1;"+";23;270;1;"+";23;280;1;"+";23;290;1;"+";23;300;1;"+";23;310;1;"+";23;320;1;"+";23;330;1;"+";23;340;1;"+";23;350;1;"+";23;360;1;"+";23;370;1;"+";23;374;1;"+";23;376;1;"+";
23;390;2;23;250;1;"+";23;380;1;"+";
23;400;1;20;110;0;"+";
23;410;1;29;160;0;"+";
23;420;3;23;390;1;"+";23;400;1;"+";23;410;1;"+";
23;550;2;23;10;1;"+";23;20;1;"+";
24;30;2;24;10;1;"+";24;20;1;"+";
24;80;4;24;40;1;"+";24;50;1;"+";24;60;1;"+";24;70;1;"+";
24;90;2;24;30;1;"+";24;80;1;"+";
25;50;4;25;10;1;"+";25;30;1;"+";25;40;1;"+";25;20;1;"+";
25;140;10;25;60;1;"+";25;80;1;"+";25;90;1;"+";25;100;1;"+";25;130;1;"+";25;130;0;"+";25;130;0;"+";25;70;1;"+";25;120;0;"+";25;120;1;"+";
25;150;2;25;50;1;"+";25;140;1;"+";
25;210;6;25;160;1;"+";25;170;1;"+";25;180;1;"+";25;190;1;"+";25;200;1;"+";25;200;0;"+";
25;270;5;25;220;1;"+";25;230;1;"+";25;260;1;"+";25;250;1;"+";25;240;1;"+";
25;280;3;25;150;1;"+";25;210;1;"+";25;270;1;"+";
25;410;14;25;290;1;"+";25;300;1;"+";25;310;1;"+";25;320;1;"+";25;330;1;"+";25;340;1;"+";25;350;1;"+";25;360;1;"+";25;370;1;"+";25;380;1;"+";25;390;1;"+";25;400;1;"+";25;404;1;"+";25;406;1;"+";
25;420;2;25;280;1;"+";25;410;1;"+";
25;430;1;20;110;0,4;"+";
25;440;1;29;160;0,4;"+";
25;450;3;25;420;1;"+";25;440;1;"+";25;430;1;"+";
25;590;3;25;10;1;"+";25;30;1;"+";25;20;1;"+";
26;30;2;26;10;1;"+";26;20;1;"+";
26;120;8;26;40;1;"+";26;50;1;"+";26;70;1;"+";26;80;1;"+";26;90;1;"+";26;100;1;"+";26;110;1;"+";26;60;1;"+";
26;130;2;26;30;1;"+";26;120;1;"+";
26;190;6;26;140;1;"+";26;150;1;"+";26;150;0;"+";26;160;1;"+";26;170;1;"+";26;180;1;"+";
26;230;3;26;200;1;"+";26;210;1;"+";26;220;1;"+";
26;240;3;26;130;1;"+";26;190;1;"+";26;230;1;"+";
26;320;8;26;270;1;"+";26;270;0;"+";26;280;1;"+";26;250;1;"+";26;290;1;"+";26;260;1;"+";26;300;1;"+";26;310;1;"+";
26;330;2;26;240;1;"+";26;320;1;"+";
26;340;1;20;110;0;"+";
26;350;1;29;160;0;"+";
26;360;3;26;330;1;"+";26;340;1;"+";26;350;1;"+";
27;30;2;27;10;1;"+";27;20;1;"+";
27;130;11;27;40;1;"+";27;40;0;"+";27;60;1;"+";27;70;1;"+";27;90;1;"+";27;100;1;"+";27;100;0;"+";27;50;1;"+";27;110;1;"+";27;120;1;"+";27;80;1;"+";
27;140;2;27;30;1;"+";27;130;1;"+";
27;200;7;27;150;1;"+";27;160;1;"+";27;160;0;"+";27;180;1;"+";27;180;0;"+";27;190;1;"+";27;170;1;"+";
27;250;4;27;210;1;"+";27;220;1;"+";27;240;1;"+";27;230;1;"+";
27;260;3;27;140;1;"+";27;200;1;"+";27;250;1;"+";
27;320;6;27;280;1;"+";27;290;1;"+";27;290;0;"+";27;270;1;"+";27;300;1;"+";27;310;1;"+";
27;330;2;27;260;1;"+";27;320;1;"+";
27;340;1;20;110;0;"+";
27;350;1;29;160;0;"+";
27;360;3;27;330;1;"+";27;340;1;"+";27;350;1;"+";
28;30;2;28;10;1;"+";28;20;1;"+";
28;80;4;28;40;1;"+";28;50;1;"+";28;60;1;"+";28;70;1;"+";
28;90;2;28;30;1;"+";28;80;1;"+";
28;150;5;28;100;1;"+";28;110;1;"+";28;130;1;"+";28;140;1;"+";28;120;1;"+";
28;210;5;28;160;1;"+";28;170;1;"+";28;200;1;"+";28;180;1;"+";28;190;1;"+";
28;220;3;28;90;1;"+";28;150;1;"+";28;210;1;"+";
28;260;4;28;220;1;"+";28;230;1;"+";28;240;1;"+";28;250;1;"+";
28;270;1;20;110;0;"+";
28;280;1;29;160;0;"+";
28;290;3;28;260;1;"+";28;280;1;"+";28;270;1;"+";
29;160;17;29;10;1;"+";29;20;1;"+";29;40;1;"+";29;50;1;"+";29;60;1;"+";29;70;1;"+";29;80;1;"+";29;80;0;"+";29;90;1;"+";29;100;1;"+";29;110;1;"+";29;120;1;"+";29;140;1;"+";29;150;1;"+";29;150;0;"+";29;30;1;"+";29;130;1;"+";
29;220;9;21;550;1;"+";22;550;1;"+";26;30;1;"+";27;30;1;"+";13;510;1;"+";28;10;1;"+";23;550;1;"+";24;10;1;"+";25;590;1;"+";
29;240;1;30;340;1;"+";
29;300;2;29;160;1;"+";20;110;1;"+";
30;20;1;3;390;1;"+";
30;30;1;12;390;1;"+";
30;40;1;14;390;1;"+";
30;50;1;15;90;1;"+";
30;60;1;4;420;1;"+";
30;70;1;5;330;1;"+";
30;80;1;6;330;1;"+";
30;90;1;7;390;1;"+";
30;100;1;8;260;1;"+";
30;110;9;30;20;1;"+";30;30;1;"+";30;40;1;"+";30;50;1;"+";30;60;1;"+";30;70;1;"+";30;80;1;"+";30;90;1;"+";30;100;1;"+";
30;120;1;2;110;1;"+";
30;130;1;1;160;1;"+";
30;140;1;31;140;0,5;"+";
30;150;1;17;140;0,5;"+";
30;160;5;30;110;1;"+";30;140;1;"+";30;150;1;"+";30;120;1;"+";30;130;1;"+";
30;200;1;21;390;1;"+";
30;210;1;22;390;1;"+";
30;220;1;23;390;1;"+";
30;230;1;24;90;1;"+";
30;240;1;25;420;1;"+";
30;250;1;26;330;1;"+";
30;260;1;27;330;1;"+";
30;270;1;13;390;1;"+";
30;280;1;28;260;1;"+";
30;290;9;30;200;1;"+";30;210;1;"+";30;220;1;"+";30;230;1;"+";30;240;1;"+";30;250;1;"+";30;260;1;"+";30;270;1;"+";30;280;1;"+";
30;300;1;20;110;1;"+";
30;310;1;29;160;1;"+";
30;320;1;31;140;0,5;"+";
30;330;1;17;140;0,5;"+";
30;340;5;30;290;1;"+";30;320;1;"+";30;330;1;"+";30;300;1;"+";30;310;1;"+";
30;370;1;30;160;1;"+";
30;380;1;30;340;1;"+";
30;390;8;1;160;1;"+";2;110;1;"+";30;110;1;"+";29;160;1;"+";20;110;1;"+";30;290;1;"+";31;140;1;"+";17;140;1;"+";
30;410;1;1;220;1;"+";
30;420;1;29;220;1;"+";
30;430;2;30;410;1;"+";30;420;1;"+";
31;40;3;31;10;1;"+";31;20;1;"+";31;30;1;"+";
31;120;6;31;60;1;"+";31;70;1;"+";31;80;1;"+";31;90;1;"+";31;100;1;"+";31;110;1;"+";
31;140;2;31;40;1;"+";31;120;1;"+";
